243.94661626666664,1000.0,1000.0,5.0,3588.7,3804.5,0.0,2863.0,0.10011739911455608,10.0,10.0,1963.8927516054423
151.57149626666666,1000.0,1000.0,5.0,3316.3,3585.8,0.0,2863.0,0.01000811067792985,10.0,10.0,2623.519600963811
141.07913573333335,1000.0,1000.0,5.0,3154.0,3365.5,0.0,2863.0,0.010393546810070887,2.0,2.0,568.208649660686
171.37440586666668,1000.0,1000.0,5.0,3220.0,3364.0,0.0,2863.0,0.0996820606779113,2.0,2.0,515.4865412928137
163.42240634666666,1000.0,1000.0,5.0,3461.3,3695.9,0.0,2863.0,0.010125346255659019,20.0,20.0,4881.700083168561
283.03636008,1000.0,1000.0,5.0,3726.15,3943.05,0.0,2863.0,0.10045643588106315,20.0,20.0,3288.7885919239466
145.6146764,1000.0,1000.0,5.0,3120.75,3340.75,0.0,2863.0,0.010084879030288823,4.0,4.0,1137.603006762716
197.1055768,1000.0,1000.0,5.0,3275.75,3481.0,0.0,2863.0,0.10015535630123994,4.0,4.0,954.8183149023171
266.9175138933332,1000.0,1000.0,5.0,3927.175,4159.425,0.0,2863.0,0.09991939037628572,40.0,40.0,5168.97028929589
185.77208874666667,1000.0,1000.0,5.0,3580.325,3830.925,0.0,2863.0,0.010062840934966191,40.0,40.0,8978.721187907862
215.7887392,1000.0,1000.0,5.0,3455.8333333333335,3653.5,0.0,2863.0,0.10059802414182686,6.0,6.0,1308.0329116596386
149.03564,1000.0,1000.0,5.0,3219.3333333333335,3475.5,0.0,2863.0,0.010097361384935317,6.0,6.0,1645.687110406566
291.11526585777773,1000.0,1000.0,5.0,4135.75,4388.6,0.0,2863.0,0.0998868921099464,60.0,60.0,6424.395136742656
204.22331817777777,1000.0,1000.0,5.0,3785.866666666667,4045.4166666666665,0.0,2863.0,0.010072909669080726,60.0,60.0,12297.832118892991
147.6356286666667,1000.0,1000.0,5.0,3357.375,3605.375,0.0,2863.0,0.010043436804746265,8.0,8.0,2097.599255540046
304.9895975866668,1000.0,1000.0,5.0,4395.6,4676.9625,0.0,2863.0,0.09978804143709588,80.0,80.0,7262.832987690755
218.7966154866666,1000.0,1000.0,5.0,3961.05,4232.8375,0.0,2863.0,0.009944554582641117,80.0,80.0,15222.439942021227
306.6390925683501,1000.0,1000.0,5.0,4661.313131313132,4961.282828282829,0.0,2863.0,0.10006840881105486,99.0,99.0,7511.792560030949
199.00222058666665,1000.0,1000.0,5.0,3485.7,3712.9,0.0,2863.0,0.05006440190768894,10.0,10.0,2234.284225362911
155.8464,1000.0,1000.0,5.0,3131.5,3302.5,0.0,2863.0,0.05125682173216206,2.0,2.0,547.6914700645294
225.130011016835,1000.0,1000.0,5.0,4145.979797979798,4435.686868686868,0.0,2863.0,0.010082612268466398,99.0,99.0,17395.45861500165
243.15414367999998,1000.0,1000.0,5.0,3571.2,3777.55,0.0,2863.0,0.04976895104740813,20.0,20.0,4028.812830493088
301.6837426133333,1000.0,1000.0,5.0,4158.1,4299.5,0.0,2863.0,0.4990999464833044,10.0,10.0,1027.7189504865564
174.28778493333334,1000.0,1000.0,5.0,3172.5,3382.25,0.0,2863.0,0.05040372951451459,4.0,4.0,1045.1442468620698
270.91542,1000.0,1000.0,5.0,3282.5,3412.5,0.0,2863.0,0.5009140036026419,2.0,2.0,416.37499027745366
258.3558664533333,1000.0,1000.0,5.0,3764.375,3997.475,0.0,2863.0,0.04982665818186639,40.0,40.0,6704.894986012301
179.96642595555554,1000.0,1000.0,5.0,3418.6666666666665,3615.0,0.0,2863.0,0.04952190722152217,6.0,6.0,1424.0967135289493
314.24226130666665,1000.0,1000.0,5.0,4385.15,4558.8,0.0,2863.0,0.5011221044825634,20.0,20.0,1423.3787099010692
317.8945525333333,1000.0,1000.0,5.0,3600.0,3697.25,0.0,2863.0,0.5005927760360408,4.0,4.0,632.6272104535076
351.68442677333337,1000.0,1000.0,5.0,4416.7,4656.425,0.0,2863.0,0.5002446944486026,40.0,40.0,1929.757069332694
313.9246248,1000.0,1000.0,5.0,3937.8333333333335,4041.3333333333335,0.0,2863.0,0.4982676560354579,6.0,6.0,780.9045672814277
253.81024248000003,1000.0,1000.0,5.0,4006.8166666666666,4258.15,0.0,2863.0,0.04990002439688701,60.0,60.0,8607.771122853037
189.95774559999998,1000.0,1000.0,5.0,3397.375,3606.875,0.0,2863.0,0.0499860539918223,8.0,8.0,1872.3273047731946
374.4100548533335,1000.0,1000.0,5.0,4537.783333333334,4801.466666666666,0.0,2863.0,0.5007504288164666,60.0,60.0,2176.3846137180626
313.14034753333334,1000.0,1000.0,5.0,4194.875,4315.5,0.0,2863.0,0.4995774656575189,8.0,8.0,900.6318622749959
263.3281519066667,1000.0,1000.0,5.0,4242.825,4512.175,0.0,2863.0,0.05010229037137735,80.0,80.0,10004.192357908614
384.1394116133333,1000.0,1000.0,5.0,4812.1,5100.5375,0.0,2863.0,0.5001797747312551,80.0,80.0,2271.200392138918
277.38759026531983,1000.0,1000.0,5.0,4480.707070707071,4778.363636363636,0.0,2863.0,0.05003804543069012,99.0,99.0,10871.29874465351
376.0967943164985,1000.0,1000.0,5.0,5122.747474747474,5430.333333333333,0.0,2863.0,0.5004260264370901,99.0,99.0,2131.9073192801316
140.08688117333335,5000.0,5000.0,5.0,16617.4,17052.6,0.0,2863.0,0.009848624889600921,10.0,10.0,540.9540444056305
165.29768992,5000.0,5000.0,5.0,16992.4,17265.4,0.0,2863.0,0.10006800408024481,10.0,10.0,490.1563189221562
139.9674368,5000.0,5000.0,5.0,15653.5,16030.5,0.0,2863.0,0.011022333461686561,2.0,2.0,115.42222222222223
146.16945146666663,5000.0,5000.0,5.0,15768.0,16101.0,0.0,2863.0,0.10151500049835542,2.0,2.0,111.4756101964684
143.39283074666665,5000.0,5000.0,5.0,17111.8,17531.8,0.0,2863.0,0.010063443447823233,20.0,20.0,1041.1459043674174
138.63277186666667,5000.0,5000.0,5.0,16117.5,16937.25,0.0,2863.0,0.010088521833737204,4.0,4.0,224.68183453312352
187.14993074666668,5000.0,5000.0,5.0,17307.9,17606.3,0.0,2863.0,0.09942752018203163,20.0,20.0,918.0065581420542
155.8732121333333,5000.0,5000.0,5.0,15884.25,16164.5,0.0,2863.0,0.097739954646215,4.0,4.0,218.03283242132164
148.75286849333332,5000.0,5000.0,5.0,17804.625,18311.525,0.0,2863.0,0.01033167890490436,40.0,40.0,1961.0418812762227
140.26107360000003,5000.0,5000.0,5.0,16558.333333333332,17091.333333333332,0.0,2863.0,0.01070598415310745,6.0,6.0,327.43130946042913
222.02361815999998,5000.0,5000.0,5.0,18427.225,18793.425,0.0,2863.0,0.09999169302975972,40.0,40.0,1605.0265060977217
158.8036960888889,5000.0,5000.0,5.0,16427.833333333332,16813.166666666668,0.0,2863.0,0.10214659779441992,6.0,6.0,310.8254753668491
154.73098379555557,5000.0,5000.0,5.0,18568.216666666667,19077.25,0.0,2863.0,0.009849887395510246,60.0,60.0,2772.633723899549
141.9293751333333,5000.0,5000.0,5.0,16605.125,16888.125,0.0,2863.0,0.010519588419505337,8.0,8.0,434.6391907216602
226.02657918222224,5000.0,5000.0,5.0,19287.05,19703.2,0.0,2863.0,0.09993320074693711,60.0,60.0,2195.553439583171
160.76291684666666,5000.0,5000.0,5.0,19289.4375,19829.375,0.0,2863.0,0.010185739015953491,80.0,80.0,3510.7824863084447
161.32603213333334,5000.0,5000.0,5.0,17043.875,17289.375,0.0,2863.0,0.09941953982796,8.0,8.0,397.18947957594975
165.3872705993266,5000.0,5000.0,5.0,20116.090909090908,20734.868686868685,0.0,2863.0,0.010079803510705991,99.0,99.0,4112.032189613681
224.39615496666664,5000.0,5000.0,5.0,20382.675,20878.0375,0.0,2863.0,0.10008271645010314,80.0,80.0,2652.847501544545
228.10899411717176,5000.0,5000.0,5.0,21509.272727272728,22043.515151515152,0.0,2863.0,0.0997018340021753,99.0,99.0,2962.382833009905
243.06291167999998,5000.0,5000.0,5.0,17729.4,18045.3,0.0,2863.0,0.5008183071092225,10.0,10.0,386.9601495931852
172.50477546666667,5000.0,5000.0,5.0,15725.5,15898.0,0.0,2863.0,0.5048219384731426,2.0,2.0,103.11179749845147
247.68162186666663,5000.0,5000.0,5.0,18556.2,18847.5,0.0,2863.0,0.4978529824412227,20.0,20.0,653.3313482385802
199.0075632,5000.0,5000.0,5.0,16095.25,16293.5,0.0,2863.0,0.500466771690297,4.0,4.0,190.43174640211333
151.75457866666665,5000.0,5000.0,5.0,16826.3,17239.3,0.0,2863.0,0.05134900855997399,10.0,10.0,512.7108286482523
140.91083013333332,5000.0,5000.0,5.0,15698.0,15945.0,0.0,2863.0,0.04859447567831826,2.0,2.0,113.63699493897325
163.62457162666666,5000.0,5000.0,5.0,17152.85,17430.35,0.0,2863.0,0.05030573496850872,20.0,20.0,968.5041972829949
258.44177154666664,5000.0,5000.0,5.0,19639.6,19985.125,0.0,2863.0,0.4994609396899325,40.0,40.0,1030.5184172919644
144.2141144,5000.0,5000.0,5.0,16067.25,16372.75,0.0,2863.0,0.04944403822394796,4.0,4.0,220.33950094305814
213.48826346666667,5000.0,5000.0,5.0,17318.0,17594.833333333332,0.0,2863.0,0.5034245835403928,6.0,6.0,257.1227781682023
185.24360654666668,5000.0,5000.0,5.0,17974.25,18380.25,0.0,2863.0,0.04990578175972619,40.0,40.0,1765.9407304138942
146.4282873777778,5000.0,5000.0,5.0,16618.833333333332,16932.833333333332,0.0,2863.0,0.050862951586953344,6.0,6.0,303.8666666666667
287.1102347111111,5000.0,5000.0,5.0,20636.3,21019.416666666668,0.0,2863.0,0.5002409115572436,60.0,60.0,1279.748303668047
226.58942206666669,5000.0,5000.0,5.0,18137.25,18444.75,0.0,2863.0,0.4986202319407573,8.0,8.0,318.0709973952854
203.97233223111107,5000.0,5000.0,5.0,18964.283333333333,19353.1,0.0,2863.0,0.05011207098903223,60.0,60.0,2414.046094418375
150.7076732,5000.0,5000.0,5.0,16521.875,16821.625,0.0,2863.0,0.049149855120004374,8.0,8.0,406.4641262658775
311.4212604733334,5000.0,5000.0,5.0,21777.525,22239.5125,0.0,2863.0,0.49994038576181227,80.0,80.0,1444.3260845065884
315.4783569400672,5000.0,5000.0,5.0,23267.282828282827,23756.18181818182,0.0,2863.0,0.50011326374112,99.0,99.0,1495.7484056170397
33.28400197333333,1000.0,1000.0,5.0,2319.1,2559.8,0.0,2853.0,0.010010042387500617,10.0,10.0,3607.0355326734257
214.24050584666665,5000.0,5000.0,5.0,19789.775,20235.8875,0.0,2863.0,0.049715435702830546,80.0,80.0,3017.194493717685
17.722905066666666,1000.0,1000.0,5.0,2336.0,2604.0,0.0,2853.0,0.009737696289148171,2.0,2.0,759.9481101021408
48.54588237333332,1000.0,1000.0,5.0,2415.6,2634.35,0.0,2853.0,0.010042174487122354,20.0,20.0,6719.612478877926
23.5218316,1000.0,1000.0,5.0,2230.0,2494.75,0.0,2853.0,0.010026319087604964,4.0,4.0,1551.4829964096973
60.05014137333333,1000.0,1000.0,5.0,2817.375,3064.025,0.0,2853.0,0.009983703730234057,40.0,40.0,11168.477660764067
26.33301057777777,1000.0,1000.0,5.0,2237.0,2484.1666666666665,0.0,2853.0,0.009969576523662569,6.0,6.0,2288.137900254544
216.59214938181816,5000.0,5000.0,5.0,20828.81818181818,21348.737373737375,0.0,2863.0,0.05022786898983453,99.0,99.0,3447.2050065854864
71.49664944000001,1000.0,1000.0,5.0,2503.4,2721.4,0.0,2853.0,0.099126584791183,10.0,10.0,2574.869428161738
53.82070879999999,1000.0,1000.0,5.0,2426.5,2588.0,0.0,2853.0,0.10011858377096391,2.0,2.0,655.9107525806417
68.33857906666664,1000.0,1000.0,5.0,2930.25,3198.0833333333335,0.0,2853.0,0.010071062389049841,60.0,60.0,15350.729244340213
70.41148517333333,1000.0,1000.0,5.0,2585.5,2832.15,0.0,2853.0,0.10003937296878858,20.0,20.0,4162.493034687395
30.797595733333328,1000.0,1000.0,5.0,2321.5,2560.625,0.0,2853.0,0.009890582809352066,8.0,8.0,2917.562873361584
76.24317266666665,1000.0,1000.0,5.0,2409.75,2580.5,0.0,2853.0,0.09941273281591467,4.0,4.0,1235.503517434391
67.54662748,1000.0,1000.0,5.0,3133.55,3452.6,0.0,2853.0,0.10009693535157706,40.0,40.0,5587.9981583064755
82.52634355555557,1000.0,1000.0,5.0,2372.3333333333335,2568.0,0.0,2853.0,0.09963452700265085,6.0,6.0,1770.952741629922
77.29774155555553,1000.0,1000.0,5.0,3339.3166666666666,3675.116666666667,0.0,2853.0,0.10043769056299365,60.0,60.0,6032.8534843043135
79.50530273333334,1000.0,1000.0,5.0,2500.375,2684.875,0.0,2853.0,0.10026848913839395,8.0,8.0,2162.347601203357
74.63247370000005,1000.0,1000.0,5.0,3127.925,3406.7,0.0,2853.0,0.010009544261512765,80.0,80.0,18627.066372465906
84.91942731999997,1000.0,1000.0,5.0,3600.7875,3960.7375,0.0,2853.0,0.10009049954750227,80.0,80.0,5555.395838723775
82.01809080134682,1000.0,1000.0,5.0,3297.5858585858587,3596.1717171717173,0.0,2853.0,0.01003707279541205,99.0,99.0,20911.232386780404
77.00834501333333,1000.0,1000.0,5.0,2450.1,2673.0,0.0,2853.0,0.04988703521930813,10.0,10.0,2982.81345922537
37.50161573333333,1000.0,1000.0,5.0,2289.5,2525.0,0.0,2853.0,0.049646149726483305,2.0,2.0,726.1570428149594
96.35789785319868,1000.0,1000.0,5.0,3898.4747474747473,4291.686868686868,0.0,2853.0,0.10090949736445783,99.0,99.0,3777.094322956363
76.94254554666666,1000.0,1000.0,5.0,3019.6,3152.0,0.0,2853.0,0.4999647564671883,10.0,10.0,1182.2263554728906
74.72061946666666,1000.0,1000.0,5.0,2445.5,2524.0,0.0,2853.0,0.49839617184624285,2.0,2.0,528.2514673651872
75.51563634666665,1000.0,1000.0,5.0,3108.4,3272.4,0.0,2853.0,0.4987514096987272,20.0,20.0,1517.269195448659
62.92573712,1000.0,1000.0,5.0,2500.45,2748.25,0.0,2853.0,0.05017139493000187,20.0,20.0,5265.717592920531
52.373576799999995,1000.0,1000.0,5.0,2347.25,2564.25,0.0,2853.0,0.05035897435897436,4.0,4.0,1354.2174498210352
81.98659253333332,1000.0,1000.0,5.0,2676.5,2761.5,0.0,2853.0,0.5002024651014102,4.0,4.0,782.051673801144
81.23463042666666,1000.0,1000.0,5.0,3567.125,3815.05,0.0,2853.0,0.4995899762112324,40.0,40.0,1503.946236683092
79.87669546666665,1000.0,1000.0,5.0,2742.5,2855.3333333333335,0.0,2853.0,0.5008616168427362,6.0,6.0,963.9633883803942
87.69697019555554,1000.0,1000.0,5.0,3760.7833333333333,4057.5,0.0,2853.0,0.4992907928354416,60.0,60.0,1241.570952513268
69.31688053333333,1000.0,1000.0,5.0,2918.75,3039.0,0.0,2853.0,0.49947266109686494,8.0,8.0,1074.591210167905
70.54446138666668,1000.0,1000.0,5.0,2983.1,3273.625,0.0,2853.0,0.04994676244693991,40.0,40.0,7826.706654475691
92.8334399,1000.0,1000.0,5.0,4041.6375,4370.5,0.0,2853.0,0.5009987530719223,80.0,80.0,917.718128420183
63.59090151111111,1000.0,1000.0,5.0,2307.1666666666665,2533.5,0.0,2853.0,0.05048103088812787,6.0,6.0,1990.5572150543803
73.68161278222223,1000.0,1000.0,5.0,3178.766666666667,3484.983333333333,0.0,2853.0,0.050019432728949,60.0,60.0,9448.666358576453
100.9490312080808,1000.0,1000.0,5.0,4370.353535353535,4719.929292929293,0.0,2853.0,0.5012825817128672,99.0,99.0,604.1534778366217
66.07974406666666,1000.0,1000.0,5.0,2383.5,2594.0,0.0,2853.0,0.04969110636885702,8.0,8.0,2527.9038419737176
77.02107146,1000.0,1000.0,5.0,3421.55,3742.9375,0.0,2853.0,0.04994547220737441,80.0,80.0,10071.220850190524
18.88774826666667,5000.0,5000.0,5.0,11209.7,11609.7,0.0,2853.0,0.010095583618223679,10.0,10.0,796.2760082755373
15.449516266666665,5000.0,5000.0,5.0,11396.0,11686.0,0.0,2853.0,0.00992512624064078,2.0,2.0,159.5291071870043
23.211453813333335,5000.0,5000.0,5.0,11512.2,11890.5,0.0,2853.0,0.009710145452832036,20.0,20.0,1532.756001924438
15.860358533333333,5000.0,5000.0,5.0,10779.25,11144.25,0.0,2853.0,0.009770153010531893,4.0,4.0,335.490752726404
87.66032958383839,1000.0,1000.0,5.0,3690.626262626263,4061.5353535353534,0.0,2853.0,0.05007480696886293,99.0,99.0,9145.710301609435
47.460127039999996,5000.0,5000.0,5.0,11596.9,11900.1,0.0,2853.0,0.10048455190942238,10.0,10.0,694.7903501340259
24.031825333333334,5000.0,5000.0,5.0,11215.0,11484.5,0.0,2853.0,0.10336230232226813,2.0,2.0,155.97821105058625
30.47859671999999,5000.0,5000.0,5.0,13519.15,13904.475,0.0,2853.0,0.010109979896148017,40.0,40.0,2583.7922777341287
16.91566444444444,5000.0,5000.0,5.0,10726.833333333334,11079.166666666666,0.0,2853.0,0.010247150184448703,6.0,6.0,501.5000166668519
57.82497189333333,5000.0,5000.0,5.0,11844.2,12129.5,0.0,2853.0,0.10146119980356512,20.0,20.0,1289.6433755903417
30.8638864,5000.0,5000.0,5.0,11333.5,11660.25,0.0,2853.0,0.09919061929607846,4.0,4.0,301.32945183028795
71.08578286666666,5000.0,5000.0,5.0,14073.95,14440.4,0.0,2853.0,0.100250063598426,40.0,40.0,2052.7609325105386
37.49442212444445,5000.0,5000.0,5.0,14000.583333333334,14417.8,0.0,2853.0,0.009996547693314033,60.0,60.0,3668.9965436562356
38.40239253333333,5000.0,5000.0,5.0,11073.333333333334,11358.166666666666,0.0,2853.0,0.09976780950498963,6.0,6.0,449.8251377555224
17.27685493333333,5000.0,5000.0,5.0,11116.25,11511.25,0.0,2853.0,0.009961395284709774,8.0,8.0,644.7182746474961
43.100375820000004,5000.0,5000.0,5.0,14761.725,15196.9,0.0,2853.0,0.010043803318022732,80.0,80.0,4593.688510160764
49.00376815084177,5000.0,5000.0,5.0,15177.40404040404,15644.878787878788,0.0,2853.0,0.010110329923583046,99.0,99.0,5418.998431791458
33.66084469333333,5000.0,5000.0,5.0,11602.7,11888.5,0.0,2853.0,0.04931223214353681,10.0,10.0,729.809368572981
18.951694399999997,5000.0,5000.0,5.0,11415.0,11648.0,0.0,2853.0,0.051095666973973476,2.0,2.0,156.6786482147123
75.53771316444445,5000.0,5000.0,5.0,14763.216666666667,15152.566666666668,0.0,2853.0,0.10052182289041312,60.0,60.0,2722.2208436586716
49.18876189333332,5000.0,5000.0,5.0,11588.35,11931.6,0.0,2853.0,0.04955838281923348,20.0,20.0,1405.1646888303587
22.7789596,5000.0,5000.0,5.0,10990.25,11310.25,0.0,2853.0,0.04976964958816139,4.0,4.0,318.3564398789996
43.740804,5000.0,5000.0,5.0,11491.75,11788.125,0.0,2853.0,0.09832980704542574,8.0,8.0,569.7928616864954
59.86195545333334,5000.0,5000.0,5.0,13643.275,13996.525,0.0,2853.0,0.04948041240087211,40.0,40.0,2311.0902225616614
80.13627925999998,5000.0,5000.0,5.0,15836.2,16249.0875,0.0,2853.0,0.10022949720202042,80.0,80.0,3180.8032714903534
27.11130053333333,5000.0,5000.0,5.0,11031.666666666666,11316.0,0.0,2853.0,0.04852657604902343,6.0,6.0,469.6171014973161
87.24531508686869,5000.0,5000.0,5.0,16752.636363636364,17216.59595959596,0.0,2853.0,0.10036284197324552,99.0,99.0,3397.3500636071594
76.27624719999999,5000.0,5000.0,5.0,12407.7,12700.1,0.0,2853.0,0.5045319505212553,10.0,10.0,514.2434291117391
56.3903416,5000.0,5000.0,5.0,11470.0,11581.0,0.0,2853.0,0.4971774032109541,2.0,2.0,138.76111111111112
68.2672364,5000.0,5000.0,5.0,12947.9,13206.15,0.0,2853.0,0.4989514014922363,20.0,20.0,826.4915055039711
78.65473813333332,5000.0,5000.0,5.0,11645.5,11949.25,0.0,2853.0,0.49765010761189443,4.0,4.0,252.9680720448447
70.31228222222224,5000.0,5000.0,5.0,14302.833333333334,14663.55,0.0,2853.0,0.050063785048784566,60.0,60.0,3157.2576120140398
30.168060200000003,5000.0,5000.0,5.0,11335.875,11669.375,0.0,2853.0,0.04946905423560373,8.0,8.0,603.7465407866
71.32805461333332,5000.0,5000.0,5.0,15065.625,15453.925,0.0,2853.0,0.5007032918104452,40.0,40.0,1097.953011097607
89.87137004444443,5000.0,5000.0,5.0,11842.5,12114.666666666666,0.0,2853.0,0.502223470486355,6.0,6.0,356.0460439328452
78.42842513999999,5000.0,5000.0,5.0,15359.225,15739.35,0.0,2853.0,0.05022899584266536,80.0,80.0,3812.4504612184696
78.89525009777776,5000.0,5000.0,5.0,16084.45,16504.15,0.0,2853.0,0.5016330095796899,60.0,60.0,1170.184065097254
73.72655126666666,5000.0,5000.0,5.0,11982.625,12195.0,0.0,2853.0,0.5002181310531367,8.0,8.0,445.7052460380236
82.2716749090909,5000.0,5000.0,5.0,16083.555555555555,16540.0,0.0,2853.0,0.04964062717518523,99.0,99.0,4309.874263401531
87.76348008666666,5000.0,5000.0,5.0,17211.35,17589.3375,0.0,2853.0,0.4988103029288363,80.0,80.0,1094.9330550667573
98.23500959461278,5000.0,5000.0,5.0,18452.52525252525,18890.68686868687,0.0,2853.0,0.4989606941222224,99.0,99.0,828.4280368235575
100.65948692173913,1000.0,1000.0,5.0,2926.7,3136.1,0.0,2856.0,0.0996535419654394,10.0,10.0,2347.58857749339
78.85957234782609,1000.0,1000.0,5.0,2572.0,2731.0,0.0,2856.0,0.09838780742872007,2.0,2.0,627.9337988966482
104.28646808695649,1000.0,1000.0,5.0,3084.25,3319.6,0.0,2856.0,0.10062858312681451,20.0,20.0,3858.9870685201095
93.15715008695652,1000.0,1000.0,5.0,2702.75,2890.75,0.0,2856.0,0.09957284185799183,4.0,4.0,1140.8932989660652
122.51753873586955,1000.0,1000.0,5.0,3293.225,3578.35,0.0,2856.0,0.1000905534997566,40.0,40.0,5874.971187543219
84.94512892753623,1000.0,1000.0,5.0,2816.1666666666665,3024.1666666666665,0.0,2856.0,0.09974367169657164,6.0,6.0,1574.8217062532394
98.07915179130434,1000.0,1000.0,5.0,2803.9,3019.0,0.0,2856.0,0.05049550288584211,10.0,10.0,2722.526597056757
49.677710608695655,1000.0,1000.0,5.0,2544.0,2781.5,0.0,2856.0,0.04961822493394765,2.0,2.0,664.8899644659559
143.77690250410626,1000.0,1000.0,5.0,3527.116666666667,3825.9,0.0,2856.0,0.09987184918398438,60.0,60.0,6916.300797841076
88.80416979130435,1000.0,1000.0,5.0,2908.75,3139.95,0.0,2856.0,0.05028046519956829,20.0,20.0,4821.210503517288
87.07919182608696,1000.0,1000.0,5.0,2853.625,3060.75,0.0,2856.0,0.10040196919741656,8.0,8.0,1992.7165695542608
152.37106735507246,1000.0,1000.0,5.0,3740.9375,4059.1375,0.0,2856.0,0.10013777614850933,80.0,80.0,7337.876262917924
73.10769095652174,1000.0,1000.0,5.0,2614.5,2822.25,0.0,2856.0,0.05022668990049127,4.0,4.0,1249.1564449770453
109.78834842608693,1000.0,1000.0,5.0,3133.125,3400.8,0.0,2856.0,0.05003604676277157,40.0,40.0,7855.614568177801
89.39112191304348,1000.0,1000.0,5.0,2741.8333333333335,2965.0,0.0,2856.0,0.049666429494977314,6.0,6.0,1742.7822688845467
118.07472327415456,1000.0,1000.0,5.0,3347.7,3638.0333333333333,0.0,2856.0,0.0501932806163278,60.0,60.0,9830.280319833779
91.66281991304348,1000.0,1000.0,5.0,2830.0,3052.0,0.0,2856.0,0.04980815975468382,8.0,8.0,2228.452879025951
162.46457806587622,1000.0,1000.0,5.0,3981.4747474747473,4327.262626262626,0.0,2856.0,0.09997647645863778,99.0,99.0,7014.090352690962
127.16278087989127,1000.0,1000.0,5.0,3587.525,3890.3,0.0,2856.0,0.05011683416143948,80.0,80.0,11119.729150507843
121.1975920695652,1000.0,1000.0,5.0,3500.3,3620.9,0.0,2856.0,0.5001456834840634,10.0,10.0,1166.9230576921475
105.82439721739131,1000.0,1000.0,5.0,2758.0,2832.0,0.0,2856.0,0.49993562159048555,2.0,2.0,491.88661257741717
145.0966403333333,1000.0,1000.0,5.0,3652.85,3789.1,0.0,2856.0,0.5000914167067709,20.0,20.0,1586.1401610530115
121.75236078260869,1000.0,1000.0,5.0,3033.5,3147.5,0.0,2856.0,0.5009383965038028,4.0,4.0,745.9520900798499
142.5655229683794,1000.0,1000.0,5.0,3808.979797979798,4131.525252525253,0.0,2856.0,0.050078223298264064,99.0,99.0,11537.425063509781
107.18378754782607,1000.0,1000.0,5.0,3065.6,3276.8,0.0,2857.0,0.09973808663061362,10.0,10.0,2259.031726878179
167.62927790000003,1000.0,1000.0,5.0,3777.825,3985.575,0.0,2856.0,0.5008051473784888,40.0,40.0,1916.8136859930519
78.83480156521739,1000.0,1000.0,5.0,2759.5,2980.5,0.0,2857.0,0.09933676386506575,2.0,2.0,583.0106885292896
112.64211429565218,1000.0,1000.0,5.0,3224.3,3460.3,0.0,2857.0,0.09995382722485607,20.0,20.0,3746.8453756565505
100.13571243478262,1000.0,1000.0,5.0,2799.75,2988.75,0.0,2857.0,0.10011543041000517,4.0,4.0,1100.2474205841593
112.91697692753624,1000.0,1000.0,5.0,3273.3333333333335,3379.5,0.0,2856.0,0.49939003009671856,6.0,6.0,912.6173894106196
192.5369588673913,1000.0,1000.0,5.0,3841.1,4134.783333333334,0.0,2856.0,0.5004746669147684,60.0,60.0,1934.6371199187224
118.04177083152173,1000.0,1000.0,5.0,3389.5,3501.75,0.0,2856.0,0.5011721281272633,8.0,8.0,1049.3676492585664
142.76917693731878,1000.0,1000.0,5.0,3432.8,3688.65,0.0,2857.0,0.10019379488758288,40.0,40.0,5803.406494972192
83.68953785507244,1000.0,1000.0,5.0,3012.5,3226.6666666666665,0.0,2857.0,0.09966812328638455,6.0,6.0,1490.5423161005908
191.03688835543483,1000.0,1000.0,5.0,4097.3875,4413.7625,0.0,2856.0,0.5000172632063529,80.0,80.0,1737.7191236557862
168.58265914613526,1000.0,1000.0,5.0,3620.5666666666666,3896.1833333333334,0.0,2857.0,0.10015549830742247,60.0,60.0,7037.57514289692
95.14143247826087,1000.0,1000.0,5.0,2994.625,3211.625,0.0,2857.0,0.09969257948072362,8.0,8.0,1917.062611590634
179.41133112644928,1000.0,1000.0,5.0,3861.5125,4162.0875,0.0,2857.0,0.09990937827298914,80.0,80.0,7746.431150576753
192.21272103703706,1000.0,1000.0,5.0,4356.484848484848,4704.909090909091,0.0,2856.0,0.500363915878983,99.0,99.0,1387.5837263129797
79.75335638260869,1000.0,1000.0,5.0,2975.7,3206.2,0.0,2857.0,0.050108855821734424,10.0,10.0,2558.4393809443964
53.21811826086956,1000.0,1000.0,5.0,2708.5,2923.5,0.0,2857.0,0.04927600944058175,2.0,2.0,627.0852257102143
91.20360497391304,1000.0,1000.0,5.0,3050.9,3284.05,0.0,2857.0,0.04986850744157196,20.0,20.0,4594.7476598005715
72.43143956521739,1000.0,1000.0,5.0,2899.0,3087.75,0.0,2857.0,0.05033441296493341,4.0,4.0,1140.3332744430702
186.63584013643685,1000.0,1000.0,5.0,4113.717171717171,4440.242424242424,0.0,2857.0,0.09969662480595974,99.0,99.0,7758.165774136571
116.26822747826087,1000.0,1000.0,5.0,2961.0,3055.0,0.0,2857.0,0.5028881700554528,2.0,2.0,461.6587193517257
120.57582791413044,1000.0,1000.0,5.0,3275.175,3534.725,0.0,2857.0,0.04998835140630295,40.0,40.0,7554.602809415921
177.96366,1000.0,1000.0,5.0,3855.0,4000.4,0.0,2857.0,0.5007836068604465,20.0,20.0,1586.6794711068433
140.8226568695652,1000.0,1000.0,5.0,3213.25,3309.25,0.0,2857.0,0.4977925669025636,4.0,4.0,711.2392603271694
91.41592347826086,1000.0,1000.0,5.0,2874.5,3090.5,0.0,2857.0,0.049845478220498896,6.0,6.0,1672.9302860990535
127.78876142004829,1000.0,1000.0,5.0,3497.6833333333334,3774.4,0.0,2857.0,0.049907464074750975,60.0,60.0,9526.064928904738
69.21219243478261,1000.0,1000.0,5.0,2970.75,3184.125,0.0,2857.0,0.04980087821038702,8.0,8.0,2121.0126989457754
212.61998853840578,1000.0,1000.0,5.0,3948.1,4159.5,0.0,2857.0,0.5000426352521383,40.0,40.0,2032.7385357125236
132.24114028985508,1000.0,1000.0,5.0,3445.8333333333335,3548.0,0.0,2857.0,0.5016112884640813,6.0,6.0,882.3269604812056
246.67066660917882,1000.0,1000.0,5.0,4011.2166666666667,4280.883333333333,0.0,2857.0,0.5001345866365354,60.0,60.0,2191.8327382118023
129.41632904347824,1000.0,1000.0,5.0,3556.875,3674.375,0.0,2857.0,0.4995369392496791,8.0,8.0,1025.78418815349
244.04330906684785,1000.0,1000.0,5.0,4213.9125,4505.9,0.0,2857.0,0.5008899595008565,80.0,80.0,2088.0449225999128
140.6908675722826,1000.0,1000.0,5.0,3738.875,4030.8875,0.0,2857.0,0.050053773873059385,80.0,80.0,10891.373343846195
232.4768212916938,1000.0,1000.0,5.0,4476.404040404041,4795.49494949495,0.0,2857.0,0.4994218457344037,99.0,99.0,1804.409976117578
158.74179068818617,1000.0,1000.0,5.0,3957.131313131313,4270.252525252526,0.0,2857.0,0.0498507903457849,99.0,99.0,11603.31546202146
112.45108773333334,1000.0,800.0,4.0,80570.5,70110.4,0.0,2290.8,0.01084010840108401,10.0,2.0,12.278519412427926
156.9601812,1000.0,950.0,4.75,55838.25,56925.4,0.0,2719.95,0.010576493371071057,20.0,10.0,37.23706832832855
86.81794368,1000.0,850.0,4.25,91146.05,92631.75,0.0,2433.75,0.011214953271028037,20.0,2.0,20.764977329025086
179.70379093333332,1000.0,750.0,3.75,53219.5,42797.75,0.0,2147.5,0.014438166980539862,4.0,2.0,8.836683608728514
147.33048444,1000.0,1000.0,5.0,57033.425,62500.65,0.0,2863.125,0.011115255501678478,40.0,20.0,74.37736009753117
77.22469497333333,1000.0,800.0,4.0,99170.0,87022.0,0.0,2290.65,0.00867093105899076,40.0,2.0,38.99013067513199
148.48732612444448,1000.0,966.6666666666666,4.833333333333333,57823.96666666667,61378.0,0.0,2767.65,0.009193917105655501,60.0,30.0,111.64936852984457
166.40124673333332,1000.0,1000.0,5.0,54559.375,56842.25,0.0,2863.25,0.011969904240766074,8.0,4.0,16.22415298643849
87.24664351111109,1000.0,716.6666666666666,3.5833333333333335,101445.66666666667,79195.7,0.0,2052.0333333333333,0.009483259144571318,60.0,2.0,57.25458872849917
124.08344273333333,1000.0,875.0,4.375,77205.5,71690.125,0.0,2505.625,0.006900212314225053,8.0,2.0,10.450048187257764
142.9743299,1000.0,925.0,4.625,59534.225,58253.65,0.0,2648.525,0.008695652173913044,80.0,40.0,143.57963877027575
74.12981974000002,1000.0,787.5,3.9375,106557.675,90181.95,0.0,2254.775,0.00991458206223307,80.0,2.0,72.64054143573792
161.85601072,1000.0,900.0,4.5,54781.5,52286.3,0.0,2576.8,0.009067724567866252,10.0,5.0,19.57472536310866
112.82669071999997,1000.0,1000.0,5.0,80424.1,82327.4,0.0,2863.0,0.5049773755656108,10.0,2.0,12.238044925253789
162.00536272,1000.0,1000.0,5.0,55304.25,55200.4,0.0,2863.0,0.5084899939357186,20.0,10.0,36.583228508739815
79.40402021333334,1000.0,1000.0,5.0,89828.75,92678.5,0.0,2863.0,0.5040257648953301,20.0,2.0,20.641601469176788
175.88922599999998,1000.0,1000.0,5.0,53942.0,54289.5,0.0,2863.0,0.49569251159708416,4.0,2.0,8.374900274029622
150.00239276000002,1000.0,1000.0,5.0,56064.2,56613.7,0.0,2863.0,0.4920189986763217,40.0,20.0,71.25793870197143
78.66099181333335,1000.0,1000.0,5.0,97293.175,99273.85,0.0,2863.0,0.49422665716322167,40.0,2.0,38.87635959884474
151.31993516444442,1000.0,1000.0,5.0,57336.38333333333,58067.51666666667,0.0,2863.0,0.4992506957824877,60.0,30.0,103.65361805716591
83.26733286222222,1000.0,1000.0,5.0,101309.4,102628.53333333334,0.0,2863.0,0.4940935272869277,60.0,2.0,56.7404932576695
117.74008086666666,1000.0,1000.0,5.0,75978.625,78089.5,0.0,2863.0,0.49138381201044384,8.0,2.0,10.615063967539523
165.82238293333333,1000.0,1000.0,5.0,53207.875,54338.125,0.0,2863.0,0.5033415406260991,8.0,4.0,15.77556853847792
78.21961635999999,1000.0,1000.0,5.0,105649.4875,106002.825,0.0,2863.0,0.5082587218277246,80.0,2.0,71.82697106644287
150.4298237,1000.0,1000.0,5.0,58655.5125,59062.8375,0.0,2863.0,0.4992591338215994,80.0,40.0,131.04326158528448
165.37795738666668,1000.0,1000.0,5.0,54431.8,54644.0,0.0,2863.0,0.48509174311926606,10.0,5.0,19.350955203759234
508.75489696,2.0,2.0,1.0,37.7,69.9,0.0,664.0,0.5013127509318616,10.0,10.0,3478.6594156401507
141.40338656,2.0,2.0,1.0,192.1,236.9,0.0,664.0,0.5009053040821994,10.0,2.0,3501.0558585566214
307.8806605866667,2.0,2.0,1.0,137.1,184.1,0.0,664.0,0.5009959255341445,10.0,5.0,3366.584220023645
309.65375367999997,2.0,2.0,1.0,139.9,196.6,0.0,664.0,0.5004512676518584,20.0,10.0,4265.675797595159
476.19037205333336,2.0,2.0,1.0,53.35,105.3,0.0,664.0,0.49944448965583127,20.0,20.0,3140.263406214071
289.83102449333336,2.0,2.0,1.0,172.6,234.35,0.0,664.0,0.5001748237900666,40.0,20.0,4909.736241407065
99.2564132,2.0,2.0,1.0,224.35,277.625,0.0,664.0,0.4996084252991017,40.0,2.0,11683.725886360666
108.28957626666667,2.0,2.0,1.0,212.1,262.45,0.0,664.0,0.5007055856360779,20.0,2.0,6106.144050258645
464.62064894666656,2.0,2.0,1.0,80.65,140.175,0.0,664.0,0.500332117530929,40.0,40.0,3303.644170030713
283.816646,2.0,2.0,1.0,135.5,171.25,0.0,664.0,0.5002543657189982,4.0,2.0,2074.952706625517
559.6503747999999,2.0,2.0,1.0,30.25,53.75,0.0,664.0,0.5000543542334293,4.0,4.0,3628.607263348107
100.09240322666666,2.0,2.0,1.0,233.03333333333333,289.35,0.0,664.0,0.4997678591101528,60.0,2.0,16943.989062057142
445.95572990222223,2.0,2.0,1.0,100.63333333333334,163.55,0.0,664.0,0.5007188588637852,60.0,60.0,3589.6109754390327
88.62780713333335,2.0,2.0,1.0,238.6,299.925,0.0,664.0,0.49995140939399774,80.0,2.0,21895.20544406352
294.03960540444444,2.0,2.0,1.0,195.65,264.8,0.0,664.0,0.4992286096468735,60.0,30.0,5253.828517915676
294.4266394533332,2.0,2.0,1.0,216.4,288.8375,0.0,664.0,0.500071021654049,80.0,40.0,5514.597199702592
171.89443606666666,2.0,2.0,1.0,175.625,216.625,0.0,664.0,0.4994779402763676,8.0,2.0,3086.1373906485355
297.892884,2.0,2.0,1.0,138.75,182.625,0.0,664.0,0.500751627584544,8.0,4.0,2949.2149494677324
443.02463838666665,2.0,2.0,1.0,120.475,187.1625,0.0,664.0,0.4997354577337042,80.0,80.0,3674.999840282613
511.72536912000004,2.0,2.0,1.0,52.7,78.6,0.0,664.0,0.8996726838519351,10.0,10.0,1977.3841805932182
526.5544882666667,2.0,2.0,1.0,34.5,62.0,0.0,664.0,0.5002376374847836,8.0,8.0,3623.572940450993
314.1952300266667,2.0,2.0,1.0,136.6,161.5,0.0,664.0,0.9003551110791056,10.0,5.0,2468.7234547283847
304.5888014133333,2.0,2.0,1.0,167.5,214.0,0.0,664.0,0.8997689455306246,20.0,10.0,2671.32926184959
478.60940143999994,2.0,2.0,1.0,82.7,130.8,0.0,664.0,0.899696183865965,20.0,20.0,1748.158098906401
106.39438066666666,2.0,2.0,1.0,230.0,259.85,0.0,664.0,0.899879409069689,20.0,2.0,4795.889058582416
296.96954716,2.0,2.0,1.0,201.375,257.8,0.0,664.0,0.9005627350620705,40.0,20.0,2946.841358498616
155.12419514666666,2.0,2.0,1.0,207.7,237.1,0.0,664.0,0.9008373678490268,10.0,2.0,2698.8943493038432
103.46399480000001,2.0,2.0,1.0,242.2,271.975,0.0,664.0,0.9000340075757302,40.0,2.0,9213.69859703173
304.52454639999996,2.0,2.0,1.0,149.75,175.75,0.0,664.0,0.899856866454244,4.0,2.0,1544.8189270346925
465.5525134133334,2.0,2.0,1.0,122.675,180.25,0.0,664.0,0.9001243536880686,40.0,40.0,1867.402988034778
546.9984293333333,2.0,2.0,1.0,37.5,57.0,0.0,664.0,0.8997166760423008,4.0,4.0,2162.804651085272
95.34164082666665,2.0,2.0,1.0,249.75,281.1,0.0,664.0,0.900017318757955,60.0,2.0,13408.970599523642
296.9137414755556,2.0,2.0,1.0,239.23333333333332,303.23333333333335,0.0,664.0,0.89983259986673,60.0,30.0,3076.405280052325
455.6898926666667,2.0,2.0,1.0,137.03333333333333,199.78333333333333,0.0,664.0,0.8997764540821249,60.0,60.0,2015.4442449535286
97.9374864533333,2.0,2.0,1.0,253.45,287.1375,0.0,664.0,0.8997089871648427,80.0,2.0,17397.415813375443
296.7949657,2.0,2.0,1.0,271.2375,340.125,0.0,664.0,0.8997108332216243,80.0,40.0,3191.0691462711316
186.24247393333332,2.0,2.0,1.0,195.75,224.125,0.0,664.0,0.8992918293599786,8.0,2.0,2290.781082569483
327.64475339999996,2.0,2.0,1.0,145.75,175.25,0.0,664.0,0.9000693387976445,8.0,4.0,2147.2756136483904
444.0188294066666,2.0,2.0,1.0,144.5875,210.875,0.0,664.0,0.9002002743484225,80.0,80.0,2024.8935524708875
526.8922452666667,2.0,2.0,1.0,47.875,70.75,0.0,664.0,0.8995196597957452,8.0,8.0,2017.062274872762
325.8724603733333,2.0,2.0,1.0,25.4,65.0,0.0,663.0,0.09961200113354758,10.0,10.0,14742.212829692246
183.40523690666663,2.0,2.0,1.0,133.9,209.6,0.0,663.0,0.09972975397421907,10.0,5.0,6379.028445300256
186.43896736,2.0,2.0,1.0,136.5,218.15,0.0,663.0,0.09990518674053146,20.0,10.0,9885.194128841806
122.24056320000001,2.0,2.0,1.0,187.1,271.1,0.0,663.0,0.10021970190446144,10.0,2.0,4895.484146234418
82.67232672,2.0,2.0,1.0,206.95,295.45,0.0,663.0,0.10029260537622767,20.0,2.0,8414.803522658838
294.29044754666666,2.0,2.0,1.0,30.75,87.75,0.0,663.0,0.09999866115060717,20.0,20.0,14108.260810386639
81.14177577333334,2.0,2.0,1.0,218.85,318.65,0.0,663.0,0.10013540790933266,40.0,2.0,15886.490937030892
306.5294335066667,2.0,2.0,1.0,34.575,102.2,0.0,663.0,0.09971736174803505,40.0,40.0,16324.01422580881
177.30618786666668,2.0,2.0,1.0,130.0,200.5,0.0,663.0,0.10018235046905384,4.0,2.0,3119.90288430287
182.19831253333334,2.0,2.0,1.0,134.075,222.65,0.0,663.0,0.1001159017918395,40.0,20.0,15151.668265504151
369.60375733333336,2.0,2.0,1.0,21.25,45.0,0.0,663.0,0.09967232302715687,4.0,4.0,14562.146005961125
196.51846024888886,2.0,2.0,1.0,132.91666666666666,227.71666666666667,0.0,663.0,0.10002993582081078,60.0,30.0,18687.804201908726
299.4766955377777,2.0,2.0,1.0,37.416666666666664,115.05,0.0,663.0,0.09979823868835269,60.0,60.0,17886.450218674785
84.13939067555553,2.0,2.0,1.0,228.51666666666668,337.1666666666667,0.0,663.0,0.09963466840423889,60.0,2.0,23157.4089592151
76.6383483266667,2.0,2.0,1.0,236.4875,348.6125,0.0,663.0,0.10009019602804957,80.0,2.0,29405.48708819321
302.1602712533332,2.0,2.0,1.0,41.55,125.4875,0.0,663.0,0.09970034138018063,80.0,80.0,18401.282365009058
123.33722013333332,2.0,2.0,1.0,176.125,256.5,0.0,663.0,0.09958743710204374,8.0,2.0,4193.401922963406
181.86247479999997,2.0,2.0,1.0,132.0,207.875,0.0,663.0,0.10024714684744318,8.0,4.0,5421.994501270513
330.2453271333333,2.0,2.0,1.0,24.0,56.875,0.0,663.0,0.09981463151802251,8.0,8.0,14868.665375429786
199.97424760666664,2.0,2.0,1.0,135.8,235.275,0.0,663.0,0.10015583305287637,80.0,40.0,20898.54508249801
71.56216526035088,2.0,2.0,1.0,239.54736842105262,356.5052631578947,0.0,663.0,0.10009177127377843,95.0,2.0,34016.660749350376
203.29467685052634,2.0,2.0,1.0,139.18947368421053,238.26315789473685,0.0,663.0,0.09999716211351845,95.0,47.0,22316.956404856977
317.4017781333333,2.0,2.0,1.0,23.5,72.7,0.0,663.0,0.05001030449681414,10.0,10.0,26041.047670054155
117.42946778666668,2.0,2.0,1.0,183.3,283.8,0.0,663.0,0.049678028476757334,10.0,2.0,5242.997471606266
167.26413269333332,2.0,2.0,1.0,131.7,217.2,0.0,663.0,0.05024957942100035,10.0,5.0,7225.6574875636
295.53588874666667,2.0,2.0,1.0,45.89473684210526,131.3684210526316,0.0,663.0,0.09983227828358114,95.0,95.0,18343.083983500128
303.65752624000004,2.0,2.0,1.0,26.7,84.9,0.0,663.0,0.05030060407727902,20.0,20.0,26334.055001202778
175.6836901333333,2.0,2.0,1.0,134.7,225.6,0.0,663.0,0.050158667517218265,20.0,10.0,12332.236633765679
78.64705333333332,2.0,2.0,1.0,204.35,314.05,0.0,663.0,0.050091759230256196,20.0,2.0,8921.50756934749
80.85421335999997,2.0,2.0,1.0,218.65,340.175,0.0,663.0,0.04994298738195549,40.0,2.0,16829.007311273584
281.9268452266666,2.0,2.0,1.0,29.25,99.0,0.0,663.0,0.050011623519906706,40.0,40.0,30611.235439484055
168.04388533333335,2.0,2.0,1.0,128.75,214.0,0.0,663.0,0.049734794820988554,4.0,2.0,3384.2709301243503
324.11061706666663,2.0,2.0,1.0,19.75,43.5,0.0,663.0,0.050013557308680553,4.0,4.0,23235.668152839702
165.54611133333333,2.0,2.0,1.0,134.225,236.9,0.0,663.0,0.05003668575494463,40.0,20.0,20285.13110430733
173.0133629688889,2.0,2.0,1.0,132.96666666666667,238.81666666666666,0.0,663.0,0.04987164820681534,60.0,30.0,26438.034623698804
291.97709726222223,2.0,2.0,1.0,30.183333333333334,106.66666666666667,0.0,663.0,0.04985137942358694,60.0,60.0,35068.219715288
81.29546164444444,2.0,2.0,1.0,226.35,357.56666666666666,0.0,663.0,0.04981146523103881,60.0,2.0,24552.39761232306
74.86443222,2.0,2.0,1.0,234.6125,368.0375,0.0,663.0,0.05000024947201031,80.0,2.0,31177.468684727657
183.1194978533333,2.0,2.0,1.0,130.875,238.65,0.0,663.0,0.04997248205478679,80.0,40.0,31312.847811920317
298.56168023999993,2.0,2.0,1.0,32.7625,115.6625,0.0,663.0,0.0501306023184306,80.0,80.0,36251.96522318825
124.26583973333332,2.0,2.0,1.0,175.5,272.875,0.0,663.0,0.04970671482664683,8.0,2.0,4392.910046369569
164.1714452,2.0,2.0,1.0,131.25,217.75,0.0,663.0,0.0500983597891589,8.0,4.0,5885.597972717241
305.53000726666664,2.0,2.0,1.0,22.25,62.625,0.0,663.0,0.04997276411961893,8.0,8.0,25169.768477014706
70.98490780070173,2.0,2.0,1.0,238.94736842105263,377.09473684210525,0.0,663.0,0.04994577982156183,95.0,2.0,35944.681957219625
185.43332980210522,2.0,2.0,1.0,130.56842105263158,238.8736842105263,0.0,663.0,0.049995487392356514,95.0,47.0,34348.5224573673
96.81766751999999,2.0,2.0,1.0,23.7,63.0,0.0,662.0,0.10010552203318679,10.0,10.0,15510.662825808568
86.87041978666666,2.0,2.0,1.0,191.3,277.7,0.0,662.0,0.10018171872537295,10.0,2.0,4793.826546627295
295.42642377543876,2.0,2.0,1.0,35.2,121.43157894736842,0.0,663.0,0.05010402171240276,95.0,95.0,36193.22583925571
95.22085872,2.0,2.0,1.0,133.2,209.5,0.0,662.0,0.09984195597431503,10.0,5.0,6422.375286671764
86.18496021333333,2.0,2.0,1.0,136.9,218.8,0.0,662.0,0.09988546316006318,20.0,10.0,10113.388284386563
86.80023768000001,2.0,2.0,1.0,27.65,88.05,0.0,662.0,0.1001062870758786,20.0,20.0,15215.998635520305
61.951620986666676,2.0,2.0,1.0,210.3,301.9,0.0,662.0,0.09980656759283818,20.0,2.0,8294.740549770428
68.29267898666666,2.0,2.0,1.0,224.1,324.05,0.0,662.0,0.09992358761754198,40.0,2.0,15820.986610913413
89.45250468,2.0,2.0,1.0,131.475,219.85,0.0,662.0,0.09980044051542875,40.0,20.0,15567.693574151106
96.98501519999999,2.0,2.0,1.0,129.25,205.0,0.0,662.0,0.10043119283794497,4.0,2.0,3160.5799066082577
98.33979973333331,2.0,2.0,1.0,20.25,45.0,0.0,662.0,0.10020644048523054,4.0,4.0,14559.085991113801
96.97293976,2.0,2.0,1.0,30.625,101.55,0.0,662.0,0.10033180429218629,40.0,40.0,17239.08735504853
72.89206172444442,2.0,2.0,1.0,231.75,338.81666666666666,0.0,662.0,0.09989421384411283,60.0,2.0,23065.756664941022
100.94717859555558,2.0,2.0,1.0,128.01666666666668,221.38333333333333,0.0,662.0,0.1003129264269671,60.0,30.0,19424.276217933148
68.44981548666668,2.0,2.0,1.0,236.05,347.4875,0.0,662.0,0.10009448308650791,80.0,2.0,29423.662174220324
119.02031576888892,2.0,2.0,1.0,33.583333333333336,113.76666666666667,0.0,662.0,0.10001189142243894,60.0,60.0,18780.282799642013
111.07609382666666,2.0,2.0,1.0,127.925,226.575,0.0,662.0,0.10017788469171063,80.0,40.0,22046.242207768126
126.23563054666664,2.0,2.0,1.0,37.85,125.7875,0.0,662.0,0.09972398565551387,80.0,80.0,18563.2093114564
90.22195020000001,2.0,2.0,1.0,180.25,265.25,0.0,662.0,0.10017330425496394,8.0,2.0,4193.037317594346
102.44146946666666,2.0,2.0,1.0,133.625,208.5,0.0,662.0,0.09997403833672278,8.0,4.0,5392.7089742645985
97.22106506666665,2.0,2.0,1.0,22.75,54.75,0.0,662.0,0.10030625768461021,8.0,8.0,15778.497077391994
64.07036523789472,2.0,2.0,1.0,239.6,355.06315789473683,0.0,662.0,0.09995263677688675,95.0,2.0,33875.95021498352
129.9800076126316,2.0,2.0,1.0,41.6,132.65263157894736,0.0,662.0,0.09997874601487779,95.0,95.0,18296.177949141616
113.60071340350875,2.0,2.0,1.0,131.6315789473684,232.6315789473684,0.0,662.0,0.09996416346697622,95.0,47.0,23330.90617611951
102.96745594666668,2.0,2.0,1.0,21.6,72.6,0.0,662.0,0.049911501334484354,10.0,10.0,27364.531486029944
96.23190266666666,2.0,2.0,1.0,131.7,219.7,0.0,662.0,0.04989238031264987,10.0,5.0,7286.36395959165
83.96474717333331,2.0,2.0,1.0,136.15,223.15,0.0,662.0,0.05016024909946536,20.0,10.0,12421.971487001589
91.64318178666666,2.0,2.0,1.0,24.05,83.15,0.0,662.0,0.05002035844026841,20.0,20.0,28680.18636506186
85.02982970666667,2.0,2.0,1.0,186.7,285.2,0.0,662.0,0.04997426576154384,10.0,2.0,5127.328324684035
90.54188568000001,2.0,2.0,1.0,133.65,234.35,0.0,662.0,0.049908429211256135,40.0,20.0,20691.439472275215
65.23734368000001,2.0,2.0,1.0,208.25,315.45,0.0,662.0,0.049963641378618626,20.0,2.0,8862.564744746114
94.27494481333336,2.0,2.0,1.0,26.25,96.025,0.0,662.0,0.05005522435782379,40.0,40.0,33272.589371885406
89.49836013333334,2.0,2.0,1.0,127.75,225.0,0.0,662.0,0.04999047206013773,4.0,2.0,3381.9793993133103
67.91219283999997,2.0,2.0,1.0,221.125,338.3,0.0,662.0,0.050011745282862806,40.0,2.0,16792.131200730248
87.66681133333333,2.0,2.0,1.0,17.5,42.5,0.0,662.0,0.04982209520843402,4.0,4.0,24117.780885884487
72.38894963555555,2.0,2.0,1.0,231.88333333333333,356.96666666666664,0.0,662.0,0.04979989700731849,60.0,2.0,24414.36372926134
105.10145554666663,2.0,2.0,1.0,27.416666666666668,105.78333333333333,0.0,662.0,0.0500155305103936,60.0,60.0,36593.037470310315
86.53182824000001,2.0,2.0,1.0,131.31666666666666,235.13333333333333,0.0,662.0,0.050114469449137916,60.0,30.0,26974.741339774828
67.99523573333332,2.0,2.0,1.0,236.45,366.9875,0.0,662.0,0.049942363688695354,80.0,2.0,31115.36398723665
123.03868228666663,2.0,2.0,1.0,29.525,115.7875,0.0,662.0,0.050034527216031376,80.0,80.0,37207.27722403757
86.52870019999999,2.0,2.0,1.0,177.375,274.125,0.0,662.0,0.04998337374695964,8.0,2.0,4460.915798128846
96.5589714,2.0,2.0,1.0,131.75,219.625,0.0,662.0,0.04979719367380913,8.0,4.0,6017.182576858732
103.56615708666665,2.0,2.0,1.0,126.6625,232.75,0.0,662.0,0.04999725142558824,80.0,40.0,32541.97533136135
93.45270266666665,2.0,2.0,1.0,20.75,58.5,0.0,662.0,0.0499475351573066,8.0,8.0,26536.381029100798
109.08304492350878,2.0,2.0,1.0,125.91578947368421,234.52631578947367,0.0,662.0,0.04993360286804456,95.0,47.0,35665.13623316282
127.79526186105261,2.0,2.0,1.0,31.757894736842104,122.76842105263158,0.0,662.0,0.04997846532857303,95.0,95.0,36670.148447542866
64.63348116210527,2.0,2.0,1.0,241.25263157894736,376.11578947368423,0.0,662.0,0.0499806129837573,95.0,2.0,35777.676093213675
