151.57149626666666,1000.0,1000.0,5.0,3316.3,3585.8,0.0,2863.0,0.01000811067792985,10.0,10.0,-3318.164305521069
243.94661626666664,1000.0,1000.0,5.0,3588.7,3804.5,0.0,2863.0,0.10011739911455608,10.0,10.0,-349.9301959340925
171.37440586666668,1000.0,1000.0,5.0,3220.0,3364.0,0.0,2863.0,0.0996820606779113,2.0,2.0,-289.54996030966623
141.07913573333335,1000.0,1000.0,5.0,3154.0,3365.5,0.0,2863.0,0.010393546810070887,2.0,2.0,-2981.2979796800796
283.03636008,1000.0,1000.0,5.0,3726.15,3943.05,0.0,2863.0,0.10045643588106315,20.0,20.0,-387.58145557811554
197.1055768,1000.0,1000.0,5.0,3275.75,3481.0,0.0,2863.0,0.10015535630123994,4.0,4.0,-303.27010924732144
163.42240634666666,1000.0,1000.0,5.0,3461.3,3695.9,0.0,2863.0,0.010125346255659019,20.0,20.0,-3497.948301996085
145.6146764,1000.0,1000.0,5.0,3120.75,3340.75,0.0,2863.0,0.010084879030288823,4.0,4.0,-3054.151390602753
185.77208874666667,1000.0,1000.0,5.0,3580.325,3830.925,0.0,2863.0,0.010062840934966191,40.0,40.0,-3778.115033558723
266.9175138933332,1000.0,1000.0,5.0,3927.175,4159.425,0.0,2863.0,0.09991939037628572,40.0,40.0,-453.76060579188317
149.03564,1000.0,1000.0,5.0,3219.3333333333335,3475.5,0.0,2863.0,0.010097361384935317,6.0,6.0,-3163.6632966582433
215.7887392,1000.0,1000.0,5.0,3455.8333333333335,3653.5,0.0,2863.0,0.10059802414182686,6.0,6.0,-324.8942611712087
291.11526585777773,1000.0,1000.0,5.0,4135.75,4388.6,0.0,2863.0,0.0998868921099464,60.0,60.0,-517.1342885194226
204.22331817777777,1000.0,1000.0,5.0,3785.866666666667,4045.4166666666665,0.0,2863.0,0.010072909669080726,60.0,60.0,-4106.727343767958
147.6356286666667,1000.0,1000.0,5.0,3357.375,3605.375,0.0,2863.0,0.010043436804746265,8.0,8.0,-3320.3414468245014
304.9895975866668,1000.0,1000.0,5.0,4395.6,4676.9625,0.0,2863.0,0.09978804143709588,80.0,80.0,-582.8433054953533
218.7966154866666,1000.0,1000.0,5.0,3961.05,4232.8375,0.0,2863.0,0.009944554582641117,80.0,80.0,-4455.860563020979
225.130011016835,1000.0,1000.0,5.0,4145.979797979798,4435.686868686868,0.0,2863.0,0.010082612268466398,99.0,99.0,-4713.184874792114
306.6390925683501,1000.0,1000.0,5.0,4661.313131313132,4961.282828282829,0.0,2863.0,0.10006840881105486,99.0,99.0,-659.3848975125543
301.6837426133333,1000.0,1000.0,5.0,4158.1,4299.5,0.0,2863.0,0.4990999464833044,10.0,10.0,-41.92444079199047
199.00222058666665,1000.0,1000.0,5.0,3485.7,3712.9,0.0,2863.0,0.05006440190768894,10.0,10.0,-700.8644999980502
270.91542,1000.0,1000.0,5.0,3282.5,3412.5,0.0,2863.0,0.5009140036026419,2.0,2.0,-29.49203207319018
155.8464,1000.0,1000.0,5.0,3131.5,3302.5,0.0,2863.0,0.05125682173216206,2.0,2.0,-578.4435249285798
314.24226130666665,1000.0,1000.0,5.0,4385.15,4558.8,0.0,2863.0,0.5011221044825634,20.0,20.0,-45.47969506419554
317.8945525333333,1000.0,1000.0,5.0,3600.0,3697.25,0.0,2863.0,0.5005927760360408,4.0,4.0,-33.80611374168884
243.15414367999998,1000.0,1000.0,5.0,3571.2,3777.55,0.0,2863.0,0.04976895104740813,20.0,20.0,-753.7321639286912
174.28778493333334,1000.0,1000.0,5.0,3172.5,3382.25,0.0,2863.0,0.05040372951451459,4.0,4.0,-608.7158622139084
351.68442677333337,1000.0,1000.0,5.0,4416.7,4656.425,0.0,2863.0,0.5002446944486026,40.0,40.0,-46.56688795440039
313.9246248,1000.0,1000.0,5.0,3937.8333333333335,4041.3333333333335,0.0,2863.0,0.4982676560354579,6.0,6.0,-38.28566949896574
258.3558664533333,1000.0,1000.0,5.0,3764.375,3997.475,0.0,2863.0,0.04982665818186639,40.0,40.0,-858.674639284156
179.96642595555554,1000.0,1000.0,5.0,3418.6666666666665,3615.0,0.0,2863.0,0.04952190722152217,6.0,6.0,-679.3438460539237
374.4100548533335,1000.0,1000.0,5.0,4537.783333333334,4801.466666666666,0.0,2863.0,0.5007504288164666,60.0,60.0,-47.84285418881558
313.14034753333334,1000.0,1000.0,5.0,4194.875,4315.5,0.0,2863.0,0.4995774656575189,8.0,8.0,-41.348939499069566
253.81024248000003,1000.0,1000.0,5.0,4006.8166666666666,4258.15,0.0,2863.0,0.04990002439688701,60.0,60.0,-968.6756301818431
189.95774559999998,1000.0,1000.0,5.0,3397.375,3606.875,0.0,2863.0,0.0499860539918223,8.0,8.0,-676.5791301277702
384.1394116133333,1000.0,1000.0,5.0,4812.1,5100.5375,0.0,2863.0,0.5001797747312551,80.0,80.0,-49.888657901073515
263.3281519066667,1000.0,1000.0,5.0,4242.825,4512.175,0.0,2863.0,0.05010229037137735,80.0,80.0,-1077.1989935383717
376.0967943164985,1000.0,1000.0,5.0,5122.747474747474,5430.333333333333,0.0,2863.0,0.5004260264370901,99.0,99.0,-44.2740657019579
277.38759026531983,1000.0,1000.0,5.0,4480.707070707071,4778.363636363636,0.0,2863.0,0.05003804543069012,99.0,99.0,-1193.4322261435648
140.08688117333335,5000.0,5000.0,5.0,16617.4,17052.6,0.0,2863.0,0.009848624889600921,10.0,10.0,-16621.633431420643
139.9674368,5000.0,5000.0,5.0,15653.5,16030.5,0.0,2863.0,0.011022333461686561,2.0,2.0,-13936.023096770845
165.29768992,5000.0,5000.0,5.0,16992.4,17265.4,0.0,2863.0,0.10006800408024481,10.0,10.0,-1567.6052797363798
146.16945146666663,5000.0,5000.0,5.0,15768.0,16101.0,0.0,2863.0,0.10151500049835542,2.0,2.0,-1378.798418081416
187.14993074666668,5000.0,5000.0,5.0,17307.9,17606.3,0.0,2863.0,0.09942752018203163,20.0,20.0,-1657.5043897468138
143.39283074666665,5000.0,5000.0,5.0,17111.8,17531.8,0.0,2863.0,0.010063443447823233,20.0,20.0,-16854.295925822877
155.8732121333333,5000.0,5000.0,5.0,15884.25,16164.5,0.0,2863.0,0.097739954646215,4.0,4.0,-1466.2607215785242
138.63277186666667,5000.0,5000.0,5.0,16117.5,16937.25,0.0,2863.0,0.010088521833737204,4.0,4.0,-15643.328539288754
222.02361815999998,5000.0,5000.0,5.0,18427.225,18793.425,0.0,2863.0,0.09999169302975972,40.0,40.0,-1844.9325229711123
148.75286849333332,5000.0,5000.0,5.0,17804.625,18311.525,0.0,2863.0,0.01033167890490436,40.0,40.0,-17374.81896157505
140.26107360000003,5000.0,5000.0,5.0,16558.333333333332,17091.333333333332,0.0,2863.0,0.01070598415310745,6.0,6.0,-15145.250276274764
158.8036960888889,5000.0,5000.0,5.0,16427.833333333332,16813.166666666668,0.0,2863.0,0.10214659779441992,6.0,6.0,-1454.1031019773548
226.02657918222224,5000.0,5000.0,5.0,19287.05,19703.2,0.0,2863.0,0.09993320074693711,60.0,60.0,-1991.837611419115
154.73098379555557,5000.0,5000.0,5.0,18568.216666666667,19077.25,0.0,2863.0,0.009849887395510246,60.0,60.0,-19313.622216030344
141.9293751333333,5000.0,5000.0,5.0,16605.125,16888.125,0.0,2863.0,0.010519588419505337,8.0,8.0,-15484.895467319375
161.32603213333334,5000.0,5000.0,5.0,17043.875,17289.375,0.0,2863.0,0.09941953982796,8.0,8.0,-1565.0958577286383
160.76291684666666,5000.0,5000.0,5.0,19289.4375,19829.375,0.0,2863.0,0.010185739015953491,80.0,80.0,-19620.150034652324
165.3872705993266,5000.0,5000.0,5.0,20116.090909090908,20734.868686868685,0.0,2863.0,0.010079803510705991,99.0,99.0,-20910.43456056081
224.39615496666664,5000.0,5000.0,5.0,20382.675,20878.0375,0.0,2863.0,0.10008271645010314,80.0,80.0,-2167.9148077219756
151.75457866666665,5000.0,5000.0,5.0,16826.3,17239.3,0.0,2863.0,0.05134900855997399,10.0,10.0,-3148.7386765710307
228.10899411717176,5000.0,5000.0,5.0,21509.272727272728,22043.515151515152,0.0,2863.0,0.0997018340021753,99.0,99.0,-2380.4694873712206
140.91083013333332,5000.0,5000.0,5.0,15698.0,15945.0,0.0,2863.0,0.04859447567831826,2.0,2.0,-3053.02198262158
163.62457162666666,5000.0,5000.0,5.0,17152.85,17430.35,0.0,2863.0,0.05030573496850872,20.0,20.0,-3373.859632536808
243.06291167999998,5000.0,5000.0,5.0,17729.4,18045.3,0.0,2863.0,0.5008183071092225,10.0,10.0,-170.65024581077955
144.2141144,5000.0,5000.0,5.0,16067.25,16372.75,0.0,2863.0,0.04944403822394796,4.0,4.0,-3072.9841816746275
172.50477546666667,5000.0,5000.0,5.0,15725.5,15898.0,0.0,2863.0,0.5048219384731426,2.0,2.0,-138.30501382887587
247.68162186666663,5000.0,5000.0,5.0,18556.2,18847.5,0.0,2863.0,0.4978529824412227,20.0,20.0,-189.83147835225927
185.24360654666668,5000.0,5000.0,5.0,17974.25,18380.25,0.0,2863.0,0.04990578175972619,40.0,40.0,-3692.4950175805893
199.0075632,5000.0,5000.0,5.0,16095.25,16293.5,0.0,2863.0,0.500466771690297,4.0,4.0,-148.1533923633013
146.4282873777778,5000.0,5000.0,5.0,16618.833333333332,16932.833333333332,0.0,2863.0,0.050862951586953344,6.0,6.0,-3133.5539100968563
203.97233223111107,5000.0,5000.0,5.0,18964.283333333333,19353.1,0.0,2863.0,0.05011207098903223,60.0,60.0,-4010.3697274852816
150.7076732,5000.0,5000.0,5.0,16521.875,16821.625,0.0,2863.0,0.049149855120004374,8.0,8.0,-3240.775274706045
214.24050584666665,5000.0,5000.0,5.0,19789.775,20235.8875,0.0,2863.0,0.049715435702830546,80.0,80.0,-4286.0368483110415
258.44177154666664,5000.0,5000.0,5.0,19639.6,19985.125,0.0,2863.0,0.4994609396899325,40.0,40.0,-215.79346634189037
216.59214938181816,5000.0,5000.0,5.0,20828.81818181818,21348.737373737375,0.0,2863.0,0.05022786898983453,99.0,99.0,-4557.997874112679
213.48826346666667,5000.0,5000.0,5.0,17318.0,17594.833333333332,0.0,2863.0,0.5034245835403928,6.0,6.0,-159.54645212265706
287.1102347111111,5000.0,5000.0,5.0,20636.3,21019.416666666668,0.0,2863.0,0.5002409115572436,60.0,60.0,-241.19678592799175
226.58942206666669,5000.0,5000.0,5.0,18137.25,18444.75,0.0,2863.0,0.4986202319407573,8.0,8.0,-171.90646021114767
311.4212604733334,5000.0,5000.0,5.0,21777.525,22239.5125,0.0,2863.0,0.49994038576181227,80.0,80.0,-268.7719630044439
315.4783569400672,5000.0,5000.0,5.0,23267.282828282827,23756.18181818182,0.0,2863.0,0.50011326374112,99.0,99.0,-301.7777041624707
33.28400197333333,1000.0,1000.0,5.0,2319.1,2559.8,0.0,2853.0,0.010010042387500617,10.0,10.0,-2393.0950535567754
17.722905066666666,1000.0,1000.0,5.0,2336.0,2604.0,0.0,2853.0,0.009737696289148171,2.0,2.0,-2386.2046565051696
48.54588237333332,1000.0,1000.0,5.0,2415.6,2634.35,0.0,2853.0,0.010042174487122354,20.0,20.0,-2536.1325565611687
23.5218316,1000.0,1000.0,5.0,2230.0,2494.75,0.0,2853.0,0.010026319087604964,4.0,4.0,-2240.237039773156
60.05014137333333,1000.0,1000.0,5.0,2817.375,3064.025,0.0,2853.0,0.009983703730234057,40.0,40.0,-3036.0240497153673
26.33301057777777,1000.0,1000.0,5.0,2237.0,2484.1666666666665,0.0,2853.0,0.009969576523662569,6.0,6.0,-2285.358676947463
71.49664944000001,1000.0,1000.0,5.0,2503.4,2721.4,0.0,2853.0,0.099126584791183,10.0,10.0,-255.12280092303502
68.33857906666664,1000.0,1000.0,5.0,2930.25,3198.0833333333335,0.0,2853.0,0.010071062389049841,60.0,60.0,-3244.244371072702
30.797595733333328,1000.0,1000.0,5.0,2321.5,2560.625,0.0,2853.0,0.009890582809352066,8.0,8.0,-2401.188499169006
53.82070879999999,1000.0,1000.0,5.0,2426.5,2588.0,0.0,2853.0,0.10011858377096391,2.0,2.0,-221.25263922083087
74.63247370000005,1000.0,1000.0,5.0,3127.925,3406.7,0.0,2853.0,0.010009544261512765,80.0,80.0,-3555.126850559775
70.41148517333333,1000.0,1000.0,5.0,2585.5,2832.15,0.0,2853.0,0.10003937296878858,20.0,20.0,-282.00028156242763
76.24317266666665,1000.0,1000.0,5.0,2409.75,2580.5,0.0,2853.0,0.09941273281591467,4.0,4.0,-230.21009060709451
67.54662748,1000.0,1000.0,5.0,3133.55,3452.6,0.0,2853.0,0.10009693535157706,40.0,40.0,-374.7903693340191
82.52634355555557,1000.0,1000.0,5.0,2372.3333333333335,2568.0,0.0,2853.0,0.09963452700265085,6.0,6.0,-231.96816322396725
77.29774155555553,1000.0,1000.0,5.0,3339.3166666666666,3675.116666666667,0.0,2853.0,0.10043769056299365,60.0,60.0,-440.58815343321385
79.50530273333334,1000.0,1000.0,5.0,2500.375,2684.875,0.0,2853.0,0.10026848913839395,8.0,8.0,-246.62259545722458
82.01809080134682,1000.0,1000.0,5.0,3297.5858585858587,3596.1717171717173,0.0,2853.0,0.01003707279541205,99.0,99.0,-3855.2531439553363
77.00834501333333,1000.0,1000.0,5.0,2450.1,2673.0,0.0,2853.0,0.04988703521930813,10.0,10.0,-510.43591066441076
37.50161573333333,1000.0,1000.0,5.0,2289.5,2525.0,0.0,2853.0,0.049646149726483305,2.0,2.0,-445.8760898814569
62.92573712,1000.0,1000.0,5.0,2500.45,2748.25,0.0,2853.0,0.05017139493000187,20.0,20.0,-544.720432030456
84.91942731999997,1000.0,1000.0,5.0,3600.7875,3960.7375,0.0,2853.0,0.10009049954750227,80.0,80.0,-522.8127880659631
52.373576799999995,1000.0,1000.0,5.0,2347.25,2564.25,0.0,2853.0,0.05035897435897436,4.0,4.0,-461.48330291488634
96.35789785319868,1000.0,1000.0,5.0,3898.4747474747473,4291.686868686868,0.0,2853.0,0.10090949736445783,99.0,99.0,-523.3319136567058
76.94254554666666,1000.0,1000.0,5.0,3019.6,3152.0,0.0,2853.0,0.4999647564671883,10.0,10.0,-30.175965736650117
74.72061946666666,1000.0,1000.0,5.0,2445.5,2524.0,0.0,2853.0,0.49839617184624285,2.0,2.0,-22.353835449158375
75.51563634666665,1000.0,1000.0,5.0,3108.4,3272.4,0.0,2853.0,0.4987514096987272,20.0,20.0,-30.809574133349056
70.54446138666668,1000.0,1000.0,5.0,2983.1,3273.625,0.0,2853.0,0.04994676244693991,40.0,40.0,-697.5073263034017
81.98659253333332,1000.0,1000.0,5.0,2676.5,2761.5,0.0,2853.0,0.5002024651014102,4.0,4.0,-25.341683106731264
81.23463042666666,1000.0,1000.0,5.0,3567.125,3815.05,0.0,2853.0,0.4995899762112324,40.0,40.0,-25.40427218993201
79.87669546666665,1000.0,1000.0,5.0,2742.5,2855.3333333333335,0.0,2853.0,0.5008616168427362,6.0,6.0,-26.608191775617453
63.59090151111111,1000.0,1000.0,5.0,2307.1666666666665,2533.5,0.0,2853.0,0.05048103088812787,6.0,6.0,-463.2582211852706
87.69697019555554,1000.0,1000.0,5.0,3760.7833333333333,4057.5,0.0,2853.0,0.4992907928354416,60.0,60.0,-1.2610619359777089
69.31688053333333,1000.0,1000.0,5.0,2918.75,3039.0,0.0,2853.0,0.49947266109686494,8.0,8.0,-28.909580165722428
73.68161278222223,1000.0,1000.0,5.0,3178.766666666667,3484.983333333333,0.0,2853.0,0.050019432728949,60.0,60.0,-806.3955055445646
66.07974406666666,1000.0,1000.0,5.0,2383.5,2594.0,0.0,2853.0,0.04969110636885702,8.0,8.0,-491.05760278873976
77.02107146,1000.0,1000.0,5.0,3421.55,3742.9375,0.0,2853.0,0.04994547220737441,80.0,80.0,-933.5210188552069
92.8334399,1000.0,1000.0,5.0,4041.6375,4370.5,0.0,2853.0,0.5009987530719223,80.0,80.0,67.41643725196776
87.66032958383839,1000.0,1000.0,5.0,3690.626262626263,4061.5353535353534,0.0,2853.0,0.05007480696886293,99.0,99.0,-1099.3783084271981
100.9490312080808,1000.0,1000.0,5.0,4370.353535353535,4719.929292929293,0.0,2853.0,0.5012825817128672,99.0,99.0,204.08782653737188
18.88774826666667,5000.0,5000.0,5.0,11209.7,11609.7,0.0,2853.0,0.010095583618223679,10.0,10.0,-10981.498489539934
15.449516266666665,5000.0,5000.0,5.0,11396.0,11686.0,0.0,2853.0,0.00992512624064078,2.0,2.0,-11199.870190240386
47.460127039999996,5000.0,5000.0,5.0,11596.9,11900.1,0.0,2853.0,0.10048455190942238,10.0,10.0,-1082.591182008777
24.031825333333334,5000.0,5000.0,5.0,11215.0,11484.5,0.0,2853.0,0.10336230232226813,2.0,2.0,-959.733800977785
23.211453813333335,5000.0,5000.0,5.0,11512.2,11890.5,0.0,2853.0,0.009710145452832036,20.0,20.0,-11831.203423490148
15.860358533333333,5000.0,5000.0,5.0,10779.25,11144.25,0.0,2853.0,0.009770153010531893,4.0,4.0,-10825.571385107312
30.47859671999999,5000.0,5000.0,5.0,13519.15,13904.475,0.0,2853.0,0.010109979896148017,40.0,40.0,-13449.54936097535
16.91566444444444,5000.0,5000.0,5.0,10726.833333333334,11079.166666666666,0.0,2853.0,0.010247150184448703,6.0,6.0,-10324.61092902686
57.82497189333333,5000.0,5000.0,5.0,11844.2,12129.5,0.0,2853.0,0.10146119980356512,20.0,20.0,-1125.5036548265764
30.8638864,5000.0,5000.0,5.0,11333.5,11660.25,0.0,2853.0,0.09919061929607846,4.0,4.0,-1031.1163531684513
37.49442212444445,5000.0,5000.0,5.0,14000.583333333334,14417.8,0.0,2853.0,0.009996547693314033,60.0,60.0,-14316.85508160096
17.27685493333333,5000.0,5000.0,5.0,11116.25,11511.25,0.0,2853.0,0.009961395284709774,8.0,8.0,-11003.534719833731
71.08578286666666,5000.0,5000.0,5.0,14073.95,14440.4,0.0,2853.0,0.100250063598426,40.0,40.0,-1398.2099105408763
38.40239253333333,5000.0,5000.0,5.0,11073.333333333334,11358.166666666666,0.0,2853.0,0.09976780950498963,6.0,6.0,-1021.4295259626631
43.100375820000004,5000.0,5000.0,5.0,14761.725,15196.9,0.0,2853.0,0.010043803318022732,80.0,80.0,-15151.405134834882
75.53771316444445,5000.0,5000.0,5.0,14763.216666666667,15152.566666666668,0.0,2853.0,0.10052182289041312,60.0,60.0,-1532.945377339059
49.00376815084177,5000.0,5000.0,5.0,15177.40404040404,15644.878787878788,0.0,2853.0,0.010110329923583046,99.0,99.0,-15737.176127025878
33.66084469333333,5000.0,5000.0,5.0,11602.7,11888.5,0.0,2853.0,0.04931223214353681,10.0,10.0,-2291.659195433825
18.951694399999997,5000.0,5000.0,5.0,11415.0,11648.0,0.0,2853.0,0.051095666973973476,2.0,2.0,-2091.7504980814665
43.740804,5000.0,5000.0,5.0,11491.75,11788.125,0.0,2853.0,0.09832980704542574,8.0,8.0,-1087.2510702353368
49.18876189333332,5000.0,5000.0,5.0,11588.35,11931.6,0.0,2853.0,0.04955838281923348,20.0,20.0,-2337.324763386478
80.13627925999998,5000.0,5000.0,5.0,15836.2,16249.0875,0.0,2853.0,0.10022949720202042,80.0,80.0,-1704.7460306519176
22.7789596,5000.0,5000.0,5.0,10990.25,11310.25,0.0,2853.0,0.04976964958816139,4.0,4.0,-2100.3076952406605
87.24531508686869,5000.0,5000.0,5.0,16752.636363636364,17216.59595959596,0.0,2853.0,0.10036284197324552,99.0,99.0,-1883.5553101178618
76.27624719999999,5000.0,5000.0,5.0,12407.7,12700.1,0.0,2853.0,0.5045319505212553,10.0,10.0,-117.24591138764394
59.86195545333334,5000.0,5000.0,5.0,13643.275,13996.525,0.0,2853.0,0.04948041240087211,40.0,40.0,-2819.6819471645076
56.3903416,5000.0,5000.0,5.0,11470.0,11581.0,0.0,2853.0,0.4971774032109541,2.0,2.0,-104.37917023467996
68.2672364,5000.0,5000.0,5.0,12947.9,13206.15,0.0,2853.0,0.4989514014922363,20.0,20.0,-131.49902497688973
78.65473813333332,5000.0,5000.0,5.0,11645.5,11949.25,0.0,2853.0,0.49765010761189443,4.0,4.0,-109.11060589598313
27.11130053333333,5000.0,5000.0,5.0,11031.666666666666,11316.0,0.0,2853.0,0.04852657604902343,6.0,6.0,-2185.926013245048
70.31228222222224,5000.0,5000.0,5.0,14302.833333333334,14663.55,0.0,2853.0,0.050063785048784566,60.0,60.0,-3014.450473811588
71.32805461333332,5000.0,5000.0,5.0,15065.625,15453.925,0.0,2853.0,0.5007032918104452,40.0,40.0,-159.18068159206433
89.87137004444443,5000.0,5000.0,5.0,11842.5,12114.666666666666,0.0,2853.0,0.502223470486355,6.0,6.0,-110.00065926217864
30.168060200000003,5000.0,5000.0,5.0,11335.875,11669.375,0.0,2853.0,0.04946905423560373,8.0,8.0,-2215.858614351681
78.89525009777776,5000.0,5000.0,5.0,16084.45,16504.15,0.0,2853.0,0.5016330095796899,60.0,60.0,-172.1512200784925
73.72655126666666,5000.0,5000.0,5.0,11982.625,12195.0,0.0,2853.0,0.5002181310531367,8.0,8.0,-113.94227391331701
78.42842513999999,5000.0,5000.0,5.0,15359.225,15739.35,0.0,2853.0,0.05022899584266536,80.0,80.0,-3282.1805351228077
87.76348008666666,5000.0,5000.0,5.0,17211.35,17589.3375,0.0,2853.0,0.4988103029288363,80.0,80.0,-180.4640620619796
82.2716749090909,5000.0,5000.0,5.0,16083.555555555555,16540.0,0.0,2853.0,0.04964062717518523,99.0,99.0,-3579.7596832330805
100.65948692173913,1000.0,1000.0,5.0,2926.7,3136.1,0.0,2856.0,0.0996535419654394,10.0,10.0,-286.97308093776144
78.85957234782609,1000.0,1000.0,5.0,2572.0,2731.0,0.0,2856.0,0.09838780742872007,2.0,2.0,-236.79157368961282
104.28646808695649,1000.0,1000.0,5.0,3084.25,3319.6,0.0,2856.0,0.10062858312681451,20.0,20.0,-318.9682052928994
93.15715008695652,1000.0,1000.0,5.0,2702.75,2890.75,0.0,2856.0,0.09957284185799183,4.0,4.0,-252.39809746460367
98.23500959461278,5000.0,5000.0,5.0,18452.52525252525,18890.68686868687,0.0,2853.0,0.4989606941222224,99.0,99.0,-146.31536137714974
98.07915179130434,1000.0,1000.0,5.0,2803.9,3019.0,0.0,2856.0,0.05049550288584211,10.0,10.0,-560.933959232466
122.51753873586955,1000.0,1000.0,5.0,3293.225,3578.35,0.0,2856.0,0.1000905534997566,40.0,40.0,-379.94719150973447
49.677710608695655,1000.0,1000.0,5.0,2544.0,2781.5,0.0,2856.0,0.04961822493394765,2.0,2.0,-488.49358604608165
84.94512892753623,1000.0,1000.0,5.0,2816.1666666666665,3024.1666666666665,0.0,2856.0,0.09974367169657164,6.0,6.0,-267.4402576438633
88.80416979130435,1000.0,1000.0,5.0,2908.75,3139.95,0.0,2856.0,0.05028046519956829,20.0,20.0,-608.8926913080585
73.10769095652174,1000.0,1000.0,5.0,2614.5,2822.25,0.0,2856.0,0.05022668990049127,4.0,4.0,-507.3152889418336
109.78834842608693,1000.0,1000.0,5.0,3133.125,3400.8,0.0,2856.0,0.05003604676277157,40.0,40.0,-710.0234576136392
89.39112191304348,1000.0,1000.0,5.0,2741.8333333333335,2965.0,0.0,2856.0,0.049666429494977314,6.0,6.0,-546.3243410536239
143.77690250410626,1000.0,1000.0,5.0,3527.116666666667,3825.9,0.0,2856.0,0.09987184918398438,60.0,60.0,-445.0258946755956
87.07919182608696,1000.0,1000.0,5.0,2853.625,3060.75,0.0,2856.0,0.10040196919741656,8.0,8.0,-273.19922209028135
152.37106735507246,1000.0,1000.0,5.0,3740.9375,4059.1375,0.0,2856.0,0.10013777614850933,80.0,80.0,-506.41148020744595
162.46457806587622,1000.0,1000.0,5.0,3981.4747474747473,4327.262626262626,0.0,2856.0,0.09997647645863778,99.0,99.0,-571.267732767393
121.1975920695652,1000.0,1000.0,5.0,3500.3,3620.9,0.0,2856.0,0.5001456834840634,10.0,10.0,-34.4457501849486
118.07472327415456,1000.0,1000.0,5.0,3347.7,3638.0333333333333,0.0,2856.0,0.0501932806163278,60.0,60.0,-810.1943414900169
91.66281991304348,1000.0,1000.0,5.0,2830.0,3052.0,0.0,2856.0,0.04980815975468382,8.0,8.0,-565.5371800752279
127.16278087989127,1000.0,1000.0,5.0,3587.525,3890.3,0.0,2856.0,0.05011683416143948,80.0,80.0,-920.6873297643923
105.82439721739131,1000.0,1000.0,5.0,2758.0,2832.0,0.0,2856.0,0.49993562159048555,2.0,2.0,-24.692717225309558
145.0966403333333,1000.0,1000.0,5.0,3652.85,3789.1,0.0,2856.0,0.5000914167067709,20.0,20.0,-37.32989619639784
121.75236078260869,1000.0,1000.0,5.0,3033.5,3147.5,0.0,2856.0,0.5009383965038028,4.0,4.0,-28.030708492442
142.5655229683794,1000.0,1000.0,5.0,3808.979797979798,4131.525252525253,0.0,2856.0,0.050078223298264064,99.0,99.0,-1039.097312955812
107.18378754782607,1000.0,1000.0,5.0,3065.6,3276.8,0.0,2857.0,0.09973808663061362,10.0,10.0,-300.41667052885487
78.83480156521739,1000.0,1000.0,5.0,2759.5,2980.5,0.0,2857.0,0.09933676386506575,2.0,2.0,-253.56035404635912
112.64211429565218,1000.0,1000.0,5.0,3224.3,3460.3,0.0,2857.0,0.09995382722485607,20.0,20.0,-334.86289891277
100.13571243478262,1000.0,1000.0,5.0,2799.75,2988.75,0.0,2857.0,0.10011543041000517,4.0,4.0,-260.7007373980103
142.76917693731878,1000.0,1000.0,5.0,3432.8,3688.65,0.0,2857.0,0.10019379488758288,40.0,40.0,-392.8587363438399
83.68953785507244,1000.0,1000.0,5.0,3012.5,3226.6666666666665,0.0,2857.0,0.09966812328638455,6.0,6.0,-285.56446167780194
167.62927790000003,1000.0,1000.0,5.0,3777.825,3985.575,0.0,2856.0,0.5008051473784888,40.0,40.0,-34.81673517214803
112.91697692753624,1000.0,1000.0,5.0,3273.3333333333335,3379.5,0.0,2856.0,0.49939003009671856,6.0,6.0,-31.3280408843492
168.58265914613526,1000.0,1000.0,5.0,3620.5666666666666,3896.1833333333334,0.0,2857.0,0.10015549830742247,60.0,60.0,-448.9405418190146
95.14143247826087,1000.0,1000.0,5.0,2994.625,3211.625,0.0,2857.0,0.09969257948072362,8.0,8.0,-288.874614337866
192.5369588673913,1000.0,1000.0,5.0,3841.1,4134.783333333334,0.0,2856.0,0.5004746669147684,60.0,60.0,-26.065216205094714
118.04177083152173,1000.0,1000.0,5.0,3389.5,3501.75,0.0,2856.0,0.5011721281272633,8.0,8.0,-32.77681387585087
179.41133112644928,1000.0,1000.0,5.0,3861.5125,4162.0875,0.0,2857.0,0.09990937827298914,80.0,80.0,-511.5394878351206
191.03688835543483,1000.0,1000.0,5.0,4097.3875,4413.7625,0.0,2856.0,0.5000172632063529,80.0,80.0,-10.744144262175526
192.21272103703706,1000.0,1000.0,5.0,4356.484848484848,4704.909090909091,0.0,2856.0,0.500363915878983,99.0,99.0,28.18402006598359
186.63584013643685,1000.0,1000.0,5.0,4113.717171717171,4440.242424242424,0.0,2857.0,0.09969662480595974,99.0,99.0,-582.4937471154591
116.26822747826087,1000.0,1000.0,5.0,2961.0,3055.0,0.0,2857.0,0.5028881700554528,2.0,2.0,-26.167744786429687
177.96366,1000.0,1000.0,5.0,3855.0,4000.4,0.0,2857.0,0.5007836068604465,20.0,20.0,-39.413456274499914
140.8226568695652,1000.0,1000.0,5.0,3213.25,3309.25,0.0,2857.0,0.4977925669025636,4.0,4.0,-30.32707310376963
79.75335638260869,1000.0,1000.0,5.0,2975.7,3206.2,0.0,2857.0,0.050108855821734424,10.0,10.0,-603.4929740152552
53.21811826086956,1000.0,1000.0,5.0,2708.5,2923.5,0.0,2857.0,0.04927600944058175,2.0,2.0,-523.1358957761289
91.20360497391304,1000.0,1000.0,5.0,3050.9,3284.05,0.0,2857.0,0.04986850744157196,20.0,20.0,-647.1142503454817
72.43143956521739,1000.0,1000.0,5.0,2899.0,3087.75,0.0,2857.0,0.05033441296493341,4.0,4.0,-558.3942487471109
120.57582791413044,1000.0,1000.0,5.0,3275.175,3534.725,0.0,2857.0,0.04998835140630295,40.0,40.0,-745.8075291063881
212.61998853840578,1000.0,1000.0,5.0,3948.1,4159.5,0.0,2857.0,0.5000426352521383,40.0,40.0,-39.58650251773931
91.41592347826086,1000.0,1000.0,5.0,2874.5,3090.5,0.0,2857.0,0.049845478220498896,6.0,6.0,-570.938263328347
132.24114028985508,1000.0,1000.0,5.0,3445.8333333333335,3548.0,0.0,2857.0,0.5016112884640813,6.0,6.0,-32.69839785760216
127.78876142004829,1000.0,1000.0,5.0,3497.6833333333334,3774.4,0.0,2857.0,0.049907464074750975,60.0,60.0,-853.7023259855666
69.21219243478261,1000.0,1000.0,5.0,2970.75,3184.125,0.0,2857.0,0.04980087821038702,8.0,8.0,-595.1897578766692
246.67066660917882,1000.0,1000.0,5.0,4011.2166666666667,4280.883333333333,0.0,2857.0,0.5001345866365354,60.0,60.0,-36.81426571127304
129.41632904347824,1000.0,1000.0,5.0,3556.875,3674.375,0.0,2857.0,0.4995369392496791,8.0,8.0,-34.664099441718385
244.04330906684785,1000.0,1000.0,5.0,4213.9125,4505.9,0.0,2857.0,0.5008899595008565,80.0,80.0,-28.715340669528715
140.6908675722826,1000.0,1000.0,5.0,3738.875,4030.8875,0.0,2857.0,0.050053773873059385,80.0,80.0,-960.4101753161129
232.4768212916938,1000.0,1000.0,5.0,4476.404040404041,4795.49494949495,0.0,2857.0,0.4994218457344037,99.0,99.0,-7.419663125530215
156.9601812,1000.0,950.0,4.75,55838.25,56925.4,0.0,2719.95,0.010576493371071057,20.0,10.0,-451605.8104563714
112.45108773333334,1000.0,800.0,4.0,80570.5,70110.4,0.0,2290.8,0.01084010840108401,10.0,2.0,-667905.6810054446
158.74179068818617,1000.0,1000.0,5.0,3957.131313131313,4270.252525252526,0.0,2857.0,0.0498507903457849,99.0,99.0,-1076.9003460773697
86.81794368,1000.0,850.0,4.25,91146.05,92631.75,0.0,2433.75,0.011214953271028037,20.0,2.0,-763110.7449887919
179.70379093333332,1000.0,750.0,3.75,53219.5,42797.75,0.0,2147.5,0.014438166980539862,4.0,2.0,-277587.1659489529
147.33048444,1000.0,1000.0,5.0,57033.425,62500.65,0.0,2863.125,0.011115255501678478,40.0,20.0,-430317.500670283
77.22469497333333,1000.0,800.0,4.0,99170.0,87022.0,0.0,2290.65,0.00867093105899076,40.0,2.0,-1055367.2783348283
148.48732612444448,1000.0,966.6666666666666,4.833333333333333,57823.96666666667,61378.0,0.0,2767.65,0.009193917105655501,60.0,30.0,-520481.9230569665
166.40124673333332,1000.0,1000.0,5.0,54559.375,56842.25,0.0,2863.25,0.011969904240766074,8.0,4.0,-365979.9913826485
142.9743299,1000.0,925.0,4.625,59534.225,58253.65,0.0,2648.525,0.008695652173913044,80.0,40.0,-572459.763545842
161.85601072,1000.0,900.0,4.5,54781.5,52286.3,0.0,2576.8,0.009067724567866252,10.0,5.0,-501842.8447363272
162.00536272,1000.0,1000.0,5.0,55304.25,55200.4,0.0,2863.0,0.5084899939357186,20.0,10.0,-4172.0050435104
112.82669071999997,1000.0,1000.0,5.0,80424.1,82327.4,0.0,2863.0,0.5049773755656108,10.0,2.0,-6362.816820002476
79.40402021333334,1000.0,1000.0,5.0,89828.75,92678.5,0.0,2863.0,0.5040257648953301,20.0,2.0,-7544.206768591707
175.88922599999998,1000.0,1000.0,5.0,53942.0,54289.5,0.0,2863.0,0.49569251159708416,4.0,2.0,-3896.0244302130245
78.66099181333335,1000.0,1000.0,5.0,97293.175,99273.85,0.0,2863.0,0.49422665716322167,40.0,2.0,-8404.074703556318
87.24664351111109,1000.0,716.6666666666666,3.5833333333333335,101445.66666666667,79195.7,0.0,2052.0333333333333,0.009483259144571318,60.0,2.0,-984019.9213097283
124.08344273333333,1000.0,875.0,4.375,77205.5,71690.125,0.0,2505.625,0.006900212314225053,8.0,2.0,-991196.9445393712
74.12981974000002,1000.0,787.5,3.9375,106557.675,90181.95,0.0,2254.775,0.00991458206223307,80.0,2.0,-990672.8421315037
150.00239276000002,1000.0,1000.0,5.0,56064.2,56613.7,0.0,2863.0,0.4920189986763217,40.0,20.0,-4568.520384706176
83.26733286222222,1000.0,1000.0,5.0,101309.4,102628.53333333334,0.0,2863.0,0.4940935272869277,60.0,2.0,-8641.750632253927
117.74008086666666,1000.0,1000.0,5.0,75978.625,78089.5,0.0,2863.0,0.49138381201044384,8.0,2.0,-6213.7619317115505
151.31993516444442,1000.0,1000.0,5.0,57336.38333333333,58067.51666666667,0.0,2863.0,0.4992506957824877,60.0,30.0,-4519.653090738875
165.82238293333333,1000.0,1000.0,5.0,53207.875,54338.125,0.0,2863.0,0.5033415406260991,8.0,4.0,-3954.8008435027546
150.4298237,1000.0,1000.0,5.0,58655.5125,59062.8375,0.0,2863.0,0.4992591338215994,80.0,40.0,-4761.642505896703
165.37795738666668,1000.0,1000.0,5.0,54431.8,54644.0,0.0,2863.0,0.48509174311926606,10.0,5.0,-4400.33053044809
78.21961635999999,1000.0,1000.0,5.0,105649.4875,106002.825,0.0,2863.0,0.5082587218277246,80.0,2.0,-8584.607388396733
508.75489696,2.0,2.0,1.0,37.7,69.9,0.0,664.0,0.5013127509318616,10.0,10.0,3.3890803797359514
141.40338656,2.0,2.0,1.0,192.1,236.9,0.0,664.0,0.5009053040821994,10.0,2.0,-13.58096537949051
309.65375367999997,2.0,2.0,1.0,139.9,196.6,0.0,664.0,0.5004512676518584,20.0,10.0,-6.984940929482787
476.19037205333336,2.0,2.0,1.0,53.35,105.3,0.0,664.0,0.49944448965583127,20.0,20.0,9.20500614070058
108.28957626666667,2.0,2.0,1.0,212.1,262.45,0.0,664.0,0.5007055856360779,20.0,2.0,-16.259896960188136
289.83102449333336,2.0,2.0,1.0,172.6,234.35,0.0,664.0,0.5001748237900666,40.0,20.0,-2.9657056843852474
307.8806605866667,2.0,2.0,1.0,137.1,184.1,0.0,664.0,0.5009959255341445,10.0,5.0,-8.07498323831128
99.2564132,2.0,2.0,1.0,224.35,277.625,0.0,664.0,0.4996084252991017,40.0,2.0,-17.213635907251234
464.62064894666656,2.0,2.0,1.0,80.65,140.175,0.0,664.0,0.500332117530929,40.0,40.0,19.0388738801812
283.816646,2.0,2.0,1.0,135.5,171.25,0.0,664.0,0.5002543657189982,4.0,2.0,-7.711719779358482
559.6503747999999,2.0,2.0,1.0,30.25,53.75,0.0,664.0,0.5000543542334293,4.0,4.0,0.8237991188904086
294.03960540444444,2.0,2.0,1.0,195.65,264.8,0.0,664.0,0.4992286096468735,60.0,30.0,1.1149950809126037
100.09240322666666,2.0,2.0,1.0,233.03333333333333,289.35,0.0,664.0,0.4997678591101528,60.0,2.0,-17.76314388704299
445.95572990222223,2.0,2.0,1.0,100.63333333333334,163.55,0.0,664.0,0.5007188588637852,60.0,60.0,27.30554146442585
88.62780713333335,2.0,2.0,1.0,238.6,299.925,0.0,664.0,0.49995140939399774,80.0,2.0,-18.439835763392075
294.4266394533332,2.0,2.0,1.0,216.4,288.8375,0.0,664.0,0.500071021654049,80.0,40.0,4.733536550594692
171.89443606666666,2.0,2.0,1.0,175.625,216.625,0.0,664.0,0.4994779402763676,8.0,2.0,-12.202220386835613
443.02463838666665,2.0,2.0,1.0,120.475,187.1625,0.0,664.0,0.4997354577337042,80.0,80.0,36.01713445640671
526.5544882666667,2.0,2.0,1.0,34.5,62.0,0.0,664.0,0.5002376374847836,8.0,8.0,2.364127069590747
511.72536912000004,2.0,2.0,1.0,52.7,78.6,0.0,664.0,0.8996726838519351,10.0,10.0,5.238752478842505
155.12419514666666,2.0,2.0,1.0,207.7,237.1,0.0,664.0,0.9008373678490268,10.0,2.0,1.8576137600697944
314.1952300266667,2.0,2.0,1.0,136.6,161.5,0.0,664.0,0.9003551110791056,10.0,5.0,2.930035416780414
297.892884,2.0,2.0,1.0,138.75,182.625,0.0,664.0,0.500751627584544,8.0,4.0,-8.229163570346143
478.60940143999994,2.0,2.0,1.0,82.7,130.8,0.0,664.0,0.899696183865965,20.0,20.0,12.110338350668066
106.39438066666666,2.0,2.0,1.0,230.0,259.85,0.0,664.0,0.899879409069689,20.0,2.0,1.962806573317839
296.96954716,2.0,2.0,1.0,201.375,257.8,0.0,664.0,0.9005627350620705,40.0,20.0,12.703445232862265
304.5888014133333,2.0,2.0,1.0,167.5,214.0,0.0,664.0,0.8997689455306246,20.0,10.0,6.225383102208201
465.5525134133334,2.0,2.0,1.0,122.675,180.25,0.0,664.0,0.9001243536880686,40.0,40.0,23.00419247833956
304.52454639999996,2.0,2.0,1.0,149.75,175.75,0.0,664.0,0.899856866454244,4.0,2.0,1.5221190902674608
103.46399480000001,2.0,2.0,1.0,242.2,271.975,0.0,664.0,0.9000340075757302,40.0,2.0,2.028147528483364
546.9984293333333,2.0,2.0,1.0,37.5,57.0,0.0,664.0,0.8997166760423008,4.0,4.0,1.8484296224732712
296.9137414755556,2.0,2.0,1.0,239.23333333333332,303.23333333333335,0.0,664.0,0.89983259986673,60.0,30.0,18.969868651557242
95.34164082666665,2.0,2.0,1.0,249.75,281.1,0.0,664.0,0.900017318757955,60.0,2.0,2.0712789921818704
97.9374864533333,2.0,2.0,1.0,253.45,287.1375,0.0,664.0,0.8997089871648427,80.0,2.0,2.1136960561636586
455.6898926666667,2.0,2.0,1.0,137.03333333333333,199.78333333333333,0.0,664.0,0.8997764540821249,60.0,60.0,32.2276674214773
444.0188294066666,2.0,2.0,1.0,144.5875,210.875,0.0,664.0,0.9002002743484225,80.0,80.0,42.8732061014454
296.7949657,2.0,2.0,1.0,271.2375,340.125,0.0,664.0,0.8997108332216243,80.0,40.0,24.75939371683422
327.64475339999996,2.0,2.0,1.0,145.75,175.25,0.0,664.0,0.9000693387976445,8.0,4.0,2.5612894121795584
526.8922452666667,2.0,2.0,1.0,47.875,70.75,0.0,664.0,0.8995196597957452,8.0,8.0,4.06914765162261
325.8724603733333,2.0,2.0,1.0,25.4,65.0,0.0,663.0,0.09961200113354758,10.0,10.0,-6.162455387049369
122.24056320000001,2.0,2.0,1.0,187.1,271.1,0.0,663.0,0.10021970190446144,10.0,2.0,-144.23845128193966
183.40523690666663,2.0,2.0,1.0,133.9,209.6,0.0,663.0,0.09972975397421907,10.0,5.0,-97.84483947788218
186.24247393333332,2.0,2.0,1.0,195.75,224.125,0.0,664.0,0.8992918293599786,8.0,2.0,1.7542397665438885
294.29044754666666,2.0,2.0,1.0,30.75,87.75,0.0,663.0,0.09999866115060717,20.0,20.0,-3.4764655770385158
186.43896736,2.0,2.0,1.0,136.5,218.15,0.0,663.0,0.09990518674053146,20.0,10.0,-108.85984916752592
82.67232672,2.0,2.0,1.0,206.95,295.45,0.0,663.0,0.10029260537622767,20.0,2.0,-169.37326319762042
81.14177577333334,2.0,2.0,1.0,218.85,318.65,0.0,663.0,0.10013540790933266,40.0,2.0,-179.9929912647814
306.5294335066667,2.0,2.0,1.0,34.575,102.2,0.0,663.0,0.09971736174803505,40.0,40.0,4.015837080324016
177.30618786666668,2.0,2.0,1.0,130.0,200.5,0.0,663.0,0.10018235046905384,4.0,2.0,-86.21474739772704
369.60375733333336,2.0,2.0,1.0,21.25,45.0,0.0,663.0,0.09967232302715687,4.0,4.0,-5.244559204352609
182.19831253333334,2.0,2.0,1.0,134.075,222.65,0.0,663.0,0.1001159017918395,40.0,20.0,-109.755084895789
196.51846024888886,2.0,2.0,1.0,132.91666666666666,227.71666666666667,0.0,663.0,0.10002993582081078,60.0,30.0,-110.70948488261837
299.4766955377777,2.0,2.0,1.0,37.416666666666664,115.05,0.0,663.0,0.09979823868835269,60.0,60.0,10.458297513263227
84.13939067555553,2.0,2.0,1.0,228.51666666666668,337.1666666666667,0.0,663.0,0.09963466840423889,60.0,2.0,-185.88308472306295
199.97424760666664,2.0,2.0,1.0,135.8,235.275,0.0,663.0,0.10015583305287637,80.0,40.0,-114.9582940200192
76.6383483266667,2.0,2.0,1.0,236.4875,348.6125,0.0,663.0,0.10009019602804957,80.0,2.0,-194.60812524102423
123.33722013333332,2.0,2.0,1.0,176.125,256.5,0.0,663.0,0.09958743710204374,8.0,2.0,-134.89426444878328
302.1602712533332,2.0,2.0,1.0,41.55,125.4875,0.0,663.0,0.09970034138018063,80.0,80.0,15.67026597681138
181.86247479999997,2.0,2.0,1.0,132.0,207.875,0.0,663.0,0.10024714684744318,8.0,4.0,-93.84709928566878
71.56216526035088,2.0,2.0,1.0,239.54736842105262,356.5052631578947,0.0,663.0,0.10009177127377843,95.0,2.0,-200.39298206087662
330.2453271333333,2.0,2.0,1.0,24.0,56.875,0.0,663.0,0.09981463151802251,8.0,8.0,-6.118937632200647
203.29467685052634,2.0,2.0,1.0,139.18947368421053,238.26315789473685,0.0,663.0,0.09999716211351845,95.0,47.0,-122.55326066581355
295.53588874666667,2.0,2.0,1.0,45.89473684210526,131.3684210526316,0.0,663.0,0.09983227828358114,95.0,95.0,19.049687908953242
317.4017781333333,2.0,2.0,1.0,23.5,72.7,0.0,663.0,0.05001030449681414,10.0,10.0,-14.29936973997325
167.26413269333332,2.0,2.0,1.0,131.7,217.2,0.0,663.0,0.05024957942100035,10.0,5.0,-204.1041233240327
117.42946778666668,2.0,2.0,1.0,183.3,283.8,0.0,663.0,0.049678028476757334,10.0,2.0,-305.0112710403152
303.65752624000004,2.0,2.0,1.0,26.7,84.9,0.0,663.0,0.05030060407727902,20.0,20.0,-13.806337317981432
78.64705333333332,2.0,2.0,1.0,204.35,314.05,0.0,663.0,0.050091759230256196,20.0,2.0,-357.30954634348774
175.6836901333333,2.0,2.0,1.0,134.7,225.6,0.0,663.0,0.050158667517218265,20.0,10.0,-221.7523036576421
165.54611133333333,2.0,2.0,1.0,134.225,236.9,0.0,663.0,0.05003668575494463,40.0,20.0,-231.91492021358758
80.85421335999997,2.0,2.0,1.0,218.65,340.175,0.0,663.0,0.04994298738195549,40.0,2.0,-380.4035013107478
168.04388533333335,2.0,2.0,1.0,128.75,214.0,0.0,663.0,0.049734794820988554,4.0,2.0,-183.19779705373773
324.11061706666663,2.0,2.0,1.0,19.75,43.5,0.0,663.0,0.050013557308680553,4.0,4.0,-10.533745288405752
281.9268452266666,2.0,2.0,1.0,29.25,99.0,0.0,663.0,0.050011623519906706,40.0,40.0,-8.374403534123378
81.29546164444444,2.0,2.0,1.0,226.35,357.56666666666666,0.0,663.0,0.04981146523103881,60.0,2.0,-391.8602053789671
291.97709726222223,2.0,2.0,1.0,30.183333333333334,106.66666666666667,0.0,663.0,0.04985137942358694,60.0,60.0,-3.5775935631453817
173.0133629688889,2.0,2.0,1.0,132.96666666666667,238.81666666666666,0.0,663.0,0.04987164820681534,60.0,30.0,-237.1955490129406
74.86443222,2.0,2.0,1.0,234.6125,368.0375,0.0,663.0,0.05000024947201031,80.0,2.0,-410.9678570053832
298.56168023999993,2.0,2.0,1.0,32.7625,115.6625,0.0,663.0,0.0501306023184306,80.0,80.0,-1.5649872033688792
124.26583973333332,2.0,2.0,1.0,175.5,272.875,0.0,663.0,0.04970671482664683,8.0,2.0,-290.1153181958693
164.1714452,2.0,2.0,1.0,131.25,217.75,0.0,663.0,0.0500983597891589,8.0,4.0,-203.54762762901407
305.53000726666664,2.0,2.0,1.0,22.25,62.625,0.0,663.0,0.04997276411961893,8.0,8.0,-13.57675505677248
183.1194978533333,2.0,2.0,1.0,130.875,238.65,0.0,663.0,0.04997248205478679,80.0,40.0,-244.1149792022872
185.43332980210522,2.0,2.0,1.0,130.56842105263158,238.8736842105263,0.0,663.0,0.049995487392356514,95.0,47.0,-254.533297026932
70.98490780070173,2.0,2.0,1.0,238.94736842105263,377.09473684210525,0.0,663.0,0.04994577982156183,95.0,2.0,-424.60125382149306
96.81766751999999,2.0,2.0,1.0,23.7,63.0,0.0,662.0,0.10010552203318679,10.0,10.0,-5.881139330814972
86.87041978666666,2.0,2.0,1.0,191.3,277.7,0.0,662.0,0.10018171872537295,10.0,2.0,-146.69229226057814
95.22085872,2.0,2.0,1.0,133.2,209.5,0.0,662.0,0.09984195597431503,10.0,5.0,-97.13222759196097
86.18496021333333,2.0,2.0,1.0,136.9,218.8,0.0,662.0,0.09988546316006318,20.0,10.0,-107.21344839415866
86.80023768000001,2.0,2.0,1.0,27.65,88.05,0.0,662.0,0.1001062870758786,20.0,20.0,-3.2261698326098287
295.42642377543876,2.0,2.0,1.0,35.2,121.43157894736842,0.0,663.0,0.05010402171240276,95.0,95.0,-0.6463140930769926
89.45250468,2.0,2.0,1.0,131.475,219.85,0.0,662.0,0.09980044051542875,40.0,20.0,-107.81959779905388
61.951620986666676,2.0,2.0,1.0,210.3,301.9,0.0,662.0,0.09980656759283818,20.0,2.0,-172.19713311748936
68.29267898666666,2.0,2.0,1.0,224.1,324.05,0.0,662.0,0.09992358761754198,40.0,2.0,-180.8760351501475
96.98501519999999,2.0,2.0,1.0,129.25,205.0,0.0,662.0,0.10043119283794497,4.0,2.0,-84.39798935658054
98.33979973333331,2.0,2.0,1.0,20.25,45.0,0.0,662.0,0.10020644048523054,4.0,4.0,-5.127126144672201
96.97293976,2.0,2.0,1.0,30.625,101.55,0.0,662.0,0.10033180429218629,40.0,40.0,3.8031843558797345
72.89206172444442,2.0,2.0,1.0,231.75,338.81666666666666,0.0,662.0,0.09989421384411283,60.0,2.0,-185.9011011815521
100.94717859555558,2.0,2.0,1.0,128.01666666666668,221.38333333333333,0.0,662.0,0.1003129264269671,60.0,30.0,-106.56050996343969
119.02031576888892,2.0,2.0,1.0,33.583333333333336,113.76666666666667,0.0,662.0,0.10001189142243894,60.0,60.0,10.04686670775364
68.44981548666668,2.0,2.0,1.0,236.05,347.4875,0.0,662.0,0.10009448308650791,80.0,2.0,-194.17780588499141
111.07609382666666,2.0,2.0,1.0,127.925,226.575,0.0,662.0,0.10017788469171063,80.0,40.0,-109.15411623111967
126.23563054666664,2.0,2.0,1.0,37.85,125.7875,0.0,662.0,0.09972398565551387,80.0,80.0,17.273951953165742
90.22195020000001,2.0,2.0,1.0,180.25,265.25,0.0,662.0,0.10017330425496394,8.0,2.0,-133.29636118496342
102.44146946666666,2.0,2.0,1.0,133.625,208.5,0.0,662.0,0.09997403833672278,8.0,4.0,-94.78838306239403
97.22106506666665,2.0,2.0,1.0,22.75,54.75,0.0,662.0,0.10030625768461021,8.0,8.0,-6.01884307182917
64.07036523789472,2.0,2.0,1.0,239.6,355.06315789473683,0.0,662.0,0.09995263677688675,95.0,2.0,-201.13964173377622
113.60071340350875,2.0,2.0,1.0,131.6315789473684,232.6315789473684,0.0,662.0,0.09996416346697622,95.0,47.0,-116.65310225706314
102.96745594666668,2.0,2.0,1.0,21.6,72.6,0.0,662.0,0.049911501334484354,10.0,10.0,-13.621280734408403
85.02982970666667,2.0,2.0,1.0,186.7,285.2,0.0,662.0,0.04997426576154384,10.0,2.0,-309.2315744696185
96.23190266666666,2.0,2.0,1.0,131.7,219.7,0.0,662.0,0.04989238031264987,10.0,5.0,-203.70886400862858
83.96474717333331,2.0,2.0,1.0,136.15,223.15,0.0,662.0,0.05016024909946536,20.0,10.0,-220.83065280960992
129.9800076126316,2.0,2.0,1.0,41.6,132.65263157894736,0.0,662.0,0.09997874601487779,95.0,95.0,23.738062894514904
91.64318178666666,2.0,2.0,1.0,24.05,83.15,0.0,662.0,0.05002035844026841,20.0,20.0,-13.074308100399778
90.54188568000001,2.0,2.0,1.0,133.65,234.35,0.0,662.0,0.049908429211256135,40.0,20.0,-229.12824764971091
67.91219283999997,2.0,2.0,1.0,221.125,338.3,0.0,662.0,0.050011745282862806,40.0,2.0,-380.6660057330082
94.27494481333336,2.0,2.0,1.0,26.25,96.025,0.0,662.0,0.05005522435782379,40.0,40.0,-8.641196845259298
89.49836013333334,2.0,2.0,1.0,127.75,225.0,0.0,662.0,0.04999047206013773,4.0,2.0,-181.26429038202488
87.66681133333333,2.0,2.0,1.0,17.5,42.5,0.0,662.0,0.04982209520843402,4.0,4.0,-9.919574769573584
72.38894963555555,2.0,2.0,1.0,231.88333333333333,356.96666666666664,0.0,662.0,0.04979989700731849,60.0,2.0,-394.21246478527786
86.53182824000001,2.0,2.0,1.0,131.31666666666666,235.13333333333333,0.0,662.0,0.050114469449137916,60.0,30.0,-231.90241845765377
65.23734368000001,2.0,2.0,1.0,208.25,315.45,0.0,662.0,0.049963641378618626,20.0,2.0,-360.38327698482425
105.10145554666663,2.0,2.0,1.0,27.416666666666668,105.78333333333333,0.0,662.0,0.0500155305103936,60.0,60.0,-4.35741606927608
103.56615708666665,2.0,2.0,1.0,126.6625,232.75,0.0,662.0,0.04999725142558824,80.0,40.0,-235.74820683668963
123.03868228666663,2.0,2.0,1.0,29.525,115.7875,0.0,662.0,0.050034527216031376,80.0,80.0,-1.2771010045327953
86.52870019999999,2.0,2.0,1.0,177.375,274.125,0.0,662.0,0.04998337374695964,8.0,2.0,-283.3778951387269
96.5589714,2.0,2.0,1.0,131.75,219.625,0.0,662.0,0.04979719367380913,8.0,4.0,-200.26716403388863
93.45270266666665,2.0,2.0,1.0,20.75,58.5,0.0,662.0,0.0499475351573066,8.0,8.0,-12.988414563461966
67.99523573333332,2.0,2.0,1.0,236.45,366.9875,0.0,662.0,0.049942363688695354,80.0,2.0,-411.9134632370422
109.08304492350878,2.0,2.0,1.0,125.91578947368421,234.52631578947367,0.0,662.0,0.04993360286804456,95.0,47.0,-245.82956639700083
64.63348116210527,2.0,2.0,1.0,241.25263157894736,376.11578947368423,0.0,662.0,0.0499806129837573,95.0,2.0,-426.0846495183189
127.79526186105261,2.0,2.0,1.0,31.757894736842104,122.76842105263158,0.0,662.0,0.04997846532857303,95.0,95.0,0.8321493822336584
